0 0.00407119 0 0.00187058
0.181263 0.0976705 -0.00238418 0.017549
0.172356 0.0952298 -0.00271687 0.017138
0.164948 0.0931607 -0.00239142 0.0167196
0.159758 0.0916832 -0.00206106 0.01659
0.153738 0.0899387 -0.00247685 0.0160089
0.151071 0.0891549 -0.00202228 0.0162326
0.147732 0.0881641 -0.00194714 0.015816
0.142731 0.08666 -0.00176334 0.0155317
0.139949 0.0858098 -0.00205193 0.0155165
0.144167 0.0871009 -0.0041206 0.0155738
0.125823 0.0813662 -0.00274979 0.0146527
0.129214 0.0822464 -0.00336856 0.014636
0.141899 0.0864201 0.00122071 0.0156171
0.137633 0.0851016 0.001518 0.0149806
0.103381 0.0737489 -0.00394968 0.0133483
0.114942 0.077775 -0.00184499 0.0155725
0.125894 0.081402 0.00123744 0.0137038
0.147885 0.0882248 0.00166651 0.0152668
0.170148 0.0946244 -0.00360726 0.0174705
0.139252 0.0856025 -0.00493563 0.0171865
0.159718 0.0916871 0.00284056 0.0175235
0.145908 0.0876269 0.0017899 0.0144539
0.164193 0.0929629 0.00275611 0.0201418
0.17864 0.096964 0.000406961 0.0176796
0.143658 0.0868942 -0.0104906 0.0174944
0.198988 0.102336 0.00109989 0.0189134
0.154097 0.0900525 -0.000817921 0.014925
0.105195 0.0744114 0.00204325 0.0161398
0.203567 0.103492 -0.000285816 0.0161943
0.192731 0.100698 -0.00304058 0.016286
0.157884 0.0911561 0.00269933 0.0151797
0.181831 0.0978306 0.00825345 0.0187951
0.159488 0.0916127 0.00015059 0.0184894
0.126091 0.081444 -0.0056932 0.0146967
0.109127 0.0757687 -0.00477576 0.0127004
0.178335 0.0968866 0.00641425 0.0186567
0.115351 0.0779188 0.00141856 0.0153837
0.133558 0.0838347 -0.00258874 0.0155483
0.175946 0.0961472 -0.0127914 0.0160029
0.138022 0.0852319 0.00461868 0.0147751
0.158893 0.0914461 -0.000408938 0.0147243
0.189554 0.0998916 0.00852268 0.0152791
0.101791 0.0731919 -0.000564104 0.0130088
0.182817 0.0980924 0.00901006 0.0162602
0.146647 0.0878467 -0.00106385 0.0145619
0.160144 0.0918091 0.00132379 0.0154251
0.167988 0.0940291 0.000575505 0.0163757
0.191509 0.100343 -0.0169292 0.0223382
0.114503 0.077611 -0.00410231 0.0152193
0.157331 0.0909878 -0.00288572 0.0166839
0.169154 0.0943283 -0.00832342 0.0230278
0.163334 0.0926374 -0.0114195 0.0141763
0.159191 0.0915114 -0.00652285 0.015352
0.112127 0.0767495 -0.00757272 0.0123409
0.134434 0.0841108 -0.00185979 0.0160013
0.117276 0.078567 0.00424496 0.0153709
0.195253 0.101377 0.00699052 0.015696
0.15935 0.0915644 0.0107247 0.0169337
0.187256 0.099266 -0.00469619 0.0161986

0 0.00247633 0 0.000459625
0.125573 0.0812586 -0.00267984 0.0144505
0.11685 0.0784092 -0.00242775 0.0140253
0.112424 0.0769079 -0.00251435 0.0137783
0.104421 0.074122 -0.00220187 0.0133599
0.0982242 0.0718896 -0.00165846 0.0130314
0.0990085 0.0720197 -0.00198985 0.0126671
0.0877268 0.0679369 -0.00249463 0.0118436
0.0873744 0.0677988 -0.00184119 0.0118907
0.0836664 0.0663437 -0.00249202 0.0125999
0.0949588 0.0706853 -0.00383152 0.0129778
0.0872759 0.0677641 -0.001668 0.012009
0.0933011 0.0698628 -0.00243209 0.0118095
0.0755571 0.0630475 -0.00368594 0.0115408
0.0970028 0.0714436 -0.00326796 0.0149678
0.060685 0.0564806 -0.00302987 0.00842169
0.0580639 0.0182314 -0.00725811 0.002419
0.0667494 0.0592605 0.00315927 0.0108256
0.0610652 0.0565787 -0.00554557 0.0106458
0.0947381 0.0706501 0.0111077 0.012075
0.0263241 0.0372315 0.00165776 0.0114667
0.0532375 0.0529449 0.00189109 0.00750055
0.0272123 0.0397541 -0.00413228 0.0106255
0.0353767 0.0430049 0.000214918 0.00662697
0.0686051 0.0600955 0.00254812 0.00941636
0.0478158 0.0502263 0.00526038 0.00702327
0.0743652 0.0625592 0.000394432 0.0140027
0.07698 0.0635059 0.000274908 0.010493
0.0869283 0.0674282 -0.000942447 0.0102099
0.0309369 0.0403834 0.00304865 0.00732892
0.0780646 0.0641047 0.00188702 0.00918791
0.0311948 0.0405252 0.00287734 0.0093745
0.0523133 0.0524454 -0.00256781 0.0130544
0.0991347 0.0722435 0.002302 0.0124568
0.105112 0.0743381 -0.00686808 0.0142088
0.0579678 0.055065 -0.00146806 0.00887968
0.129529 0.0825453 0.00278819 0.0150958
0.0518937 0.0522734 0.00235503 0.00875215
0.0841316 0.0665311 -0.00159752 0.0120405
0.0775277 0.0638756 0.00148518 0.0133877
0.0688765 0.0599597 0.00528447 0.0107597
0.0973977 0.0715855 -0.00214116 0.0122281
0.0346723 0.0427122 0.00249324 0.00889695
0.0963092 0.0711911 -0.00176632 0.0129374
0.0861515 0.067343 0.00328618 0.0142158
0.0730706 0.0620163 0.00229859 0.00952836
0.0768023 0.0633193 -0.00285748 0.0104505
0.071868 0.0615681 0.00888588 0.0127709
0.0525974 0.0519432 -0.00565577 0.00758774
0.0652936 0.0586238 0.000735757 0.0111719
0.0691004 0.0600774 0.00272928 0.00846222
0.0677766 0.0597278 0.0013393 0.00913946
0.118625 0.079021 0.00366175 0.0105779
0.12087 0.0797621 0.00742862 0.0131503
0.135452 0.0844356 0.00144117 0.0157375
0.134278 0.0839295 0.00393498 0.0125619
0.0796901 0.0647416 -0.00283485 0.0104587
0.0587253 0.055502 -0.0046185 0.00990226
0.0708717 0.0608354 0.00121431 0.012472
0.125686 0.0813338 0.00428352 0.014717

0 0.00223847 0 0.000437504
0.0705024 0.0609073 -0.00163807 0.011176
0.0726888 0.0616998 -0.00130764 0.0111001
0.0651729 0.0585603 -0.00083248 0.0107142
0.0658732 0.0587453 -0.00123736 0.0107387
0.0587939 0.0556119 -0.00221469 0.00992268
0.056032 0.0542991 -1.02286e-05 0.00991101
0.054835 0.0537142 -0.0003413 0.00998782
0.0497758 0.0511702 -0.00171905 0.00949897
0.0511557 0.0517313 -0.00214634 0.00899443
0.0476499 0.0500724 -0.0015933 0.00946864
0.0536778 0.0529785 -0.00116671 0.00906226
0.0378118 0.0445918 -0.00150714 0.00701996
0.0454642 0.0487395 -0.000291897 0.00797783
0.0477103 0.049956 -0.00161751 0.00889998
0.0534593 0.0528322 -0.002793 0.0113529
0.0575937 0.0548733 -0.00129334 0.00890991
0.0630071 0.0574195 0.000503031 0.0100383
0.0768558 0.0635958 -0.000972491 0.0116567
0.0931713 0.0700253 -0.00012991 0.0121837
0.084482 0.0666896 0.00900582 0.0142116
0.0598689 0.0561366 0.00101018 0.0122731
0.0903929 0.0689802 0.002809 0.0123892
0.0756675 0.0630429 -0.00423881 0.0101403
0.0576149 0.055054 -0.00174539 0.0109419
0.100082 0.0725875 0.00632562 0.0134496
0.0889539 0.0684335 0.00397549 0.0136162
0.0882476 0.0680715 -0.00682274 0.0128336
0.0825099 0.0242461 -0.00916805 0.00296311
0.0858292 0.0115845 0.00953649 0.001281
0.119478 0.0793001 0.00443864 0.0115777
0.0886003 0.0682736 -0.00260881 0.0138612
0.0608843 0.0566018 -0.000864873 0.00887203
0.134268 0.0840384 -0.000882087 0.0139689
0.0858946 0.0672337 -0.000578038 0.0136204
0.0794274 0.0646479 -0.000419995 0.0112905
0.104903 0.074256 -0.00808855 0.0145739
0.0883851 0.0681937 -0.00278382 0.0115693
0.0895487 0.0684491 0.00324729 0.0118251
0.117972 0.0787805 -0.00351354 0.0133374
0.103082 0.0736539 0.00106556 0.0136503
0.0836928 0.0663664 0.000139717 0.0142048
0.0770484 0.0634616 -0.00412483 0.0091782
0.112409 0.0769141 0.000132473 0.0138002
0.103746 0.0738894 -0.00287664 0.0125911
0.0401566 0.046655 0.00515777 0.0107511
0.0697448 0.0602982 -0.00690723 0.00933812
0.125928 0.0813837 -0.0052784 0.0133665
0.0797383 0.0646591 -0.00671168 0.0114736
0.0783401 0.0642063 0.00139866 0.0113512
0.0843017 0.0664219 -0.00273575 0.0112946
0.0993924 0.0723186 -0.00272513 0.0178712
0.0570796 0.0548284 0.0040784 0.00863125
0.0964519 0.0712236 -0.00403234 0.0148477
0.115649 0.0780163 -8.90937e-05 0.0141388
0.130199 0.0827849 0.00334402 0.0129043
0.0555222 0.0539819 -0.000564579 0.0145951
0.134367 0.0841005 0.00313027 0.0141151
0.117277 0.078476 0.00716315 0.0143579
0.0640624 0.0579159 0.000281624 0.0100814

0 0.00189019 0 0.000362344
0.0469811 0.0497186 -0.00126229 0.00881032
0.0400978 0.0459311 -0.000963593 0.00841001
0.0435405 0.0477291 -0.000948907 0.0086937
0.0377934 0.0445911 -0.000862889 0.00766205
0.0375802 0.0444644 -0.000631552 0.00836078
0.036406 0.0437674 -0.000132099 0.00806737
0.0337813 0.0421546 -0.000954136 0.00757289
0.0371424 0.0439777 -0.0017046 0.0071639
0.0360412 0.0435499 0.000836547 0.00796672
0.0316198 0.0407246 -0.00332952 0.0087296
0.0295425 0.0394265 -0.00076882 0.00652418
0.0353869 0.0431111 -0.00249679 0.00719993
0.035084 0.0429412 0.00171379 0.0063223
0.0322135 0.041064 -0.00274524 0.00662232
0.0229233 0.0346277 -0.00230494 0.00596363
0.0600723 0.0559362 -9.95328e-05 0.00916518
0.0491676 0.0508813 0.00244399 0.0070912
0.0542468 0.053657 0.00264154 0.00846867
0.0360036 0.0435049 -0.00182251 0.0110023
0.0457591 0.00756284 -0.00498473 0.000861869
0.050835 0.707107 -0.00565479 0.707812
0.0763878 0.0633924 -0.000524654 0.0113149
0.0910778 0.0690923 -0.00866393 0.0126522
0.0557365 0.0541917 0.00522062 0.00873109
0.043353 0.0477078 -0.00389298 0.00678245
0.0693072 0.0603735 -0.00267574 0.0112338
0.0434041 0.0477665 -0.00221634 0.0103304
0.0892139 0.0685133 0.0013255 0.0104748
0.0711517 0.0611611 -0.00390517 0.0111551
0.0477265 0.050102 -0.00135587 0.0075501
0.0426545 0.0430995 0.0085313 0.00911254
0.114196 0.0775177 -0.000481814 0.013276
0.0464998 0.0493855 -0.000659381 0.00881682
0.0432003 0.0477017 0.00370765 0.00908097
0.0546377 0.053645 0.00366929 0.0068657
0.140929 0.0861407 0.00773424 0.0125634
0.0671858 0.0593522 -0.00126551 0.0106977
0.0416665 0.0466626 -0.00035511 0.00724762
0.0704264 0.0608919 0.00333892 0.0104716
0.0280622 0.0384686 0.00301691 0.00530428
0.0664099 0.0592104 -0.00794511 0.0138235
0.0797794 0.0647956 0.00581748 0.009437
0.0580551 0.054495 -0.00598113 0.00713561
0.0645054 0.0580685 0.00216368 0.0136099
0.092161 0.0696178 -0.00319461 0.0110193
0.0675834 0.0596365 -0.00054282 0.0124404
0.0699792 0.0606743 0.00389567 0.011323
0.0514906 0.0520589 0.000490778 0.00968755
0.0742737 0.0625279 0.00361348 0.00972621
0.0899132 0.068799 0.00451394 0.0159712
0.0451604 0.0487523 0.0024378 0.00868131
0.0492964 0.0507811 -0.00123562 0.00902024
0.0684375 0.0600279 0.00243346 0.00921344
0.0428801 0.0468867 -0.00476749 0.00624307
0.0503288 0.0514014 -0.00185437 0.0106011
0.0440848 0.0481807 0.00219185 0.0104237
0.0612362 0.0568074 0.00600265 0.00809088
0.0678581 0.0597219 -0.00311182 0.0106673
0.079897 0.0648564 0.00265226 0.00954138

0 0.00200091 0 0.000352624
0.0258973 0.0369174 -0.000154965 0.00677429
0.0222603 0.0342246 -0.000204446 0.00582947
0.0198953 0.0323487 -0.000645745 0.00606624
0.0213175 0.0333721 -0.000995998 0.00579762
0.0186824 0.0313521 -0.000565148 0.00604655
0.0203092 0.0326773 -0.00112206 0.00619753
0.0236827 0.0351653 0.00075 0.00666482
0.0179412 0.03055 -0.000214317 0.00498112
0.017392 0.0301605 0.00100914 0.00568856
0.0179878 0.0306997 0.00109523 0.00496399
0.0194018 0.0318698 -0.000198457 0.00543927
0.0256499 0.0365187 -0.00143269 0.00629704
0.0235004 0.0351684 0.000418959 0.00644745
0.0183335 0.0309604 -0.00130716 0.00439217
0.0195316 0.0319795 -0.000344986 0.00743218
0.0464008 0.0491671 0.00184412 0.00802655
0.0489863 0.0507916 0.00367043 0.00903272
0.0349004 0.0429067 0.00345944 0.00649464
0.0368235 0.0262889 0.0040915 0.00292428
0.0631953 0.0578685 0.00657495 0.00995534
0.0547774 0.0536368 -0.00382131 0.00992107
0.0878065 0.0679007 0.01122 0.0100305
0.0618424 0.0570487 -0.000278479 0.00943094
0.0344831 0.0424877 2.41218e-05 0.00710338
0.0364637 0.0437947 0.00262225 0.0114754
0.0932852 0.0700701 0.00116901 0.0144657
0.0477484 0.0500079 0.000942916 0.00847541
0.0913847 0.0692967 -0.00495607 0.0118152
0.0516773 0.0519708 -0.00144031 0.0115395
0.0833916 0.0662443 -0.000148923 0.010187
0.0883355 0.0682763 0.00886814 0.00903148
0.0636777 0.0578556 -0.00287072 0.0100761
0.0789293 0.0644449 -0.00149362 0.0121785
0.0713799 0.0612765 -0.00168686 0.0107019
0.0420063 0.0468487 -0.000673029 0.00644128
0.049056 0.0507515 -0.00419327 0.0111238
0.0523424 0.0523461 0.000907224 0.00963274
0.0710322 0.0611236 0.00377513 0.0126938
0.0801062 0.0647365 -0.00052308 0.0106183
0.125118 0.0811441 2.15193e-05 0.0132582
0.0868475 0.067611 0.00115056 0.0133796
0.0633561 0.0576963 -0.00383891 0.0107303
0.13267 0.0835662 0.00582025 0.0121559
0.0999809 0.0725539 0.00525552 0.0159776
0.0611159 0.0567246 0.00358073 0.00904965
0.0550913 0.0536488 -0.00319457 0.0106161
0.0732626 0.0618258 -0.00788649 0.0107764
0.067952 0.0597947 -0.00179566 0.0105919
0.0876032 0.0679163 0.00482098 0.0134822
0.0481674 0.0503756 0.00477905 0.00839357
0.110894 0.0763964 -0.00291523 0.0136208
0.0819144 0.0657134 0.00856501 0.00993907
0.0834635 0.0660308 0.00335491 0.00956469
0.0747948 0.0627461 0.00506418 0.00931333
0.0649779 0.0584831 0.00229927 0.00817293
0.057809 0.0551687 0.00221171 0.00907441
0.0862406 0.00146118 -0.00958232 0.000162317
0.0676474 0.0599346 0.00802414 0.0121383
0.0479968 0.0502234 -0.00308852 0.0111568

0 0.00175042 0 0.000379066
0.00511697 0.0162407 -0.000120578 0.00293832
0.00494435 0.0161231 -0.000223412 0.00292301
0.00346113 0.0134676 -1.57725e-05 0.00231816
0.00502051 0.0162251 0.000128364 0.00229197
0.00368753 0.0139181 0.000205236 0.00213089
0.00496974 0.0161506 1.78445e-05 0.00559954
0.00915877 0.0217986 0.000619406 0.00310609
0.00788123 0.0177851 0.00087561 0.00247757
0.00901923 0.0213493 0.000943775 0.00237329
0.0169076 0.0298283 0.000381789 0.00617337
0.0132808 0.0262701 0.000608366 0.00418815
0.011582 0.0245895 -0.00019636 0.0051164
0.0238799 0.0354487 0.00202353 0.00598489
0.0151799 0.0282372 -0.000762549 0.00775788
0.0307254 0.04023 0.00228869 0.00518496
0.00949799 0.0222776 -0.000105484 0.00547862
0.0614556 0.0568685 0.000604511 0.00822455
0.0437006 0.0485661 0.00554543 0.0106289
0.0327443 0.041677 0.00302132 0.0065159
0.0480626 0.0502948 0.000318023 0.0105869
0.0351124 0.0429844 -0.00030702 0.00902026
0.0101613 0.023032 -0.000291445 0.00308303
0.0594287 0.0555317 0.0042633 0.00908645
0.0312882 0.0404854 0.000751719 0.00863018
0.0314925 0.0407644 0.00343586 0.00554583
0.0553862 0.053751 0.00455721 0.00784913
0.0469537 0.049699 -0.00085072 0.00813985
0.0782543 0.0641788 0.00195324 0.0108911
0.0274322 0.0380072 0.00148774 0.00952974
0.0370461 0.0441662 0.00196852 0.0060952
0.0450458 0.0485573 0.00131201 0.00807964
0.0357589 0.0433743 0.0030915 0.0102648
0.0469835 0.0497103 -0.00173085 0.0110242
0.041382 0.0466749 0.00163066 0.007905
0.0706067 0.0609558 0.000276803 0.00957834
0.0468269 0.0496427 0.00305183 0.00983729
0.0371353 0.0442287 0.00301392 0.00595231
0.0342274 0.0424571 0.00329876 0.00688796
0.0703795 0.0608173 -0.0040526 0.013019
0.0335759 0.0420852 0.00339029 0.00662822
0.0449021 0.0486051 -0.00115843 0.0093552
0.052087 0.0521847 0.000990608 0.0109065
0.0802999 0.0650237 0.00546835 0.0130355
0.0619022 0.0570786 0.000429293 0.0105769
0.0264305 0.037314 0.00153413 0.00569569
0.0661917 0.0587058 0.0020259 0.00841329
0.0851834 0.0669796 0.00650996 0.0098251
0.0742817 0.062533 0.00305689 0.0105971
0.0397318 0.0457666 0.00333096 0.0069311
0.0658254 0.0588689 0.00398724 0.0102503
0.0660501 0.0590994 0.00534512 0.00741724
0.0527464 0.0526878 0.000182072 0.00908932
0.0484493 0.0504844 -0.00116005 0.0119891
0.0431263 0.0476278 -0.00134263 0.00779754
0.0656811 0.0587929 0.00259595 0.0124273
0.0668533 0.00869872 -0.00835701 0.00103104
0.0782203 0.0639202 0.00926788 0.011789
0.100569 0.0727486 -0.000847546 0.0107705
0.0178923 0.0305864 0.000551104 0.00582135

