0 0.00407119 0 0.00187058
0.180535 0.0974738 -0.00252957 0.0176176
0.169498 0.0944381 -0.00236185 0.0170266
0.163835 0.0928457 -0.00226277 0.01674
0.158337 0.0912745 -0.00222909 0.0164126
0.153856 0.0899731 -0.00231195 0.0162061
0.15068 0.0890394 -0.00209739 0.0160658
0.146485 0.0877912 -0.00216702 0.0157868
0.14398 0.0870367 -0.0021404 0.0157418
0.1422 0.0864975 -0.00175416 0.0154806
0.140221 0.0858929 -0.00207107 0.0155235
0.13632 0.0846917 -0.00127681 0.0152808
0.134424 0.0840983 -0.00209608 0.0151568
0.131637 0.0832229 -0.00178854 0.0149974
0.128489 0.0822224 -0.00146067 0.0144664
0.142751 0.086678 9.7938e-05 0.0153952
0.122327 0.0802314 -0.00143614 0.0146011
0.135811 0.0845449 8.64493e-05 0.0148716
0.130407 0.082844 -0.00353712 0.0155144
0.135235 0.0841691 -0.000418288 0.0154309
0.144433 0.0871856 -0.00143672 0.0158599
0.141424 0.0862626 -0.000986024 0.0154389
0.138345 0.0853171 -0.00178945 0.0157127
0.152366 0.0895488 -0.000728521 0.0163022
0.137032 0.0849176 7.54099e-05 0.0151992
0.155345 0.0904194 -0.00114892 0.0162573
0.145919 0.0876208 -0.00325526 0.0160067
0.157489 0.0910435 0.000989842 0.0159962
0.130097 0.0827418 -0.0011918 0.0153719
0.158129 0.0912242 -0.00222218 0.0162478
0.14138 0.0862525 -0.0015432 0.015586
0.134212 0.0840323 -0.00271378 0.0157228
0.1428 0.086687 -0.00435934 0.0159955
0.147491 0.0879006 -0.000983115 0.0152148
0.135104 0.0843167 -0.000539209 0.015248
0.132472 0.0834849 -0.00234148 0.0149486
0.152569 0.089609 6.60071e-05 0.0163127
0.144539 0.0872117 0.00177527 0.0153354
0.130992 0.0830247 0.000135672 0.0155373
0.149083 0.0885798 0.000477823 0.015994
0.141551 0.0863007 -0.00225645 0.0150718
0.103506 0.0738051 -0.000741466 0.0129001
0.120461 0.079621 -0.00153038 0.013943
0.127654 0.0817603 -0.00119543 0.015584
0.128164 0.0821161 -0.00164013 0.0147195
0.145879 0.087624 0.00209925 0.0153312
0.13755 0.0850722 -0.00221952 0.0151352
0.137713 0.0849253 -0.00370989 0.0160172
0.137635 0.0850989 -0.000346153 0.0148333
0.140461 0.0859687 0.00142059 0.0158499
0.125843 0.0813774 -0.00480197 0.0145658
0.122363 0.080237 -0.00223253 0.0159264
0.118031 0.0788091 0.00141169 0.0144011
0.145564 0.0875265 -0.000420613 0.015843
0.119244 0.0792132 -0.00221832 0.0144988
0.133876 0.0839363 -0.00264791 0.0149433
0.115264 0.0778753 -0.00334572 0.014263
0.127077 0.0817777 -0.00218668 0.0144062
0.141486 0.0862938 0.000834875 0.0153741
0.122571 0.0803066 -0.00591383 0.0147963

0 0.00222365 0 0.000438554
0.122951 0.0804331 -0.00235494 0.0145394
0.115327 0.0778969 -0.00226368 0.0140769
0.109246 0.075815 -0.00206575 0.0136918
0.104336 0.0740912 -0.00201866 0.0133465
0.100465 0.0727028 -0.00214534 0.0130505
0.0973252 0.0715583 -0.00176673 0.0128731
0.0944595 0.0704951 -0.00220071 0.0126866
0.0924889 0.0697558 -0.00205034 0.0125267
0.0908506 0.0691364 -0.00164603 0.0124459
0.0883691 0.0681842 -0.00213787 0.0124557
0.0839931 0.0664763 -0.00175282 0.0119974
0.0871075 0.0675427 -0.00148626 0.0120679
0.0845694 0.0667042 -0.00140393 0.0120345
0.0799746 0.0648636 -0.00237596 0.0117644
0.0811259 0.0651907 -0.00131102 0.0117793
0.0768084 0.0635686 -0.0018571 0.0119698
0.0721368 0.0616128 -0.0020167 0.0111197
0.0869562 0.0676477 -0.00110365 0.012184
0.0916521 0.0692832 -0.000174788 0.0124316
0.0917961 0.0694967 -0.000699251 0.0124931
0.0927228 0.0696854 -0.0017944 0.0121737
0.103274 0.0735042 -0.0013772 0.0136545
0.11646 0.0782882 -0.00124656 0.0145983
0.0807738 0.0651818 -0.00421134 0.0120715
0.102945 0.0736036 -0.00165787 0.0130811
0.0865369 0.0674801 -0.00140308 0.012114
0.0928244 0.0696701 -0.00311084 0.0114105
0.0865147 0.0674713 -0.000331701 0.0124575
0.0868845 0.0676106 -0.00108634 0.0120225
0.082916 0.0660561 -0.00252445 0.0136164
0.0999425 0.0725233 -0.00125144 0.013182
0.0929881 0.0699511 0.00011255 0.0131034
0.092594 0.0697976 -0.0011566 0.013749
0.0860467 0.0672889 -0.000316758 0.0120982
0.0799736 0.0648645 -0.00230417 0.0123812
0.0944457 0.0704946 -0.00306073 0.0125708
0.0938326 0.0702659 0.00033644 0.0115639
0.0842007 0.0665617 -0.00139418 0.0126164
0.101279 0.0730081 -0.000408621 0.013074
0.09164 0.0694419 -0.000580292 0.0127677
0.0825045 0.065887 -0.00148866 0.0129289
0.0962728 0.0711832 0.000960559 0.0132015
0.079024 0.0644852 -0.00123896 0.0133399
0.09242 0.0697343 -0.00283886 0.011645
0.094081 0.0701977 0.00130225 0.0113361
0.0910198 0.0692017 -0.00138064 0.0121918
0.098557 0.0717872 -0.00302155 0.01257
0.0900682 0.0688436 -0.000354511 0.0117182
0.0701536 0.0607188 -0.00455785 0.0102683
0.0787675 0.0641923 0.000703849 0.0121076
0.0841008 0.066352 -0.00123307 0.0115761
0.0832773 0.0661911 -0.00153006 0.0120678
0.0794199 0.0646461 0.000309272 0.0118005
0.0736409 0.0622429 -0.00184496 0.0110271
0.0910257 0.0692041 -0.00323431 0.0123196
0.0689315 0.0602356 0.00216604 0.0111634
0.0888489 0.0683738 -0.00271702 0.0121904
0.0845435 0.0666284 -0.00372828 0.0117669
0.0938048 0.0700615 0.000505234 0.0126621

0 0.00207761 0 0.000405821
0.0735899 0.0622209 -0.0014126 0.0112629
0.0676314 0.0596523 -0.00131429 0.0107454
0.0637157 0.0578987 -0.00126795 0.0103796
0.0614284 0.0568494 -0.00116627 0.0101531
0.059086 0.0557545 -0.00120896 0.010001
0.0559551 0.0542579 -0.00109266 0.00964797
0.0563598 0.0543368 -0.00118188 0.00971332
0.0541796 0.05339 -0.000965642 0.00959993
0.0528951 0.0527499 -0.00145808 0.00955115
0.0512976 0.0519486 -0.00121532 0.00928486
0.0510748 0.0517277 -0.00124904 0.00910017
0.0507123 0.0516538 -0.000553948 0.00891619
0.0516646 0.0520244 -0.000830624 0.00966441
0.0457749 0.0490716 -0.00144231 0.00881566
0.0455892 0.0489741 -0.000697782 0.00873207
0.0427043 0.0473976 -0.00120284 0.00880421
0.0472257 0.0497034 -0.00086011 0.00858046
0.0504844 0.0513937 0.00120311 0.0090372
0.0515924 0.0520811 0.00248357 0.00935831
0.0542473 0.0534141 -0.00270186 0.0101687
0.049931 0.0510901 -0.00255639 0.00903883
0.0480515 0.0502848 -0.00175743 0.0102831
0.0519052 0.0521193 0.000946441 0.00990188
0.0515731 0.0519673 -0.00179861 0.00918417
0.0624186 0.0573197 0.00195267 0.01009
0.053837 0.0532216 -0.00174715 0.0089553
0.0451825 0.0487561 -0.000992117 0.00819681
0.0516306 0.0521029 -0.0031806 0.00894943
0.0489225 0.0507306 -0.00128354 0.00965534
0.0513048 0.0518066 -0.00207045 0.00987449
0.0612887 0.0565906 -0.000427891 0.0101902
0.0564551 0.0545054 0.000467553 0.0122263
0.0484571 0.0504954 -0.000485172 0.00834772
0.0568598 0.0545175 -0.000559351 0.00924559
0.0627911 0.0573085 0.00132125 0.00930497
0.0582354 0.0553492 -0.00171915 0.0101393
0.0722811 0.0616688 -0.00267842 0.0112791
0.0628389 0.0575035 -0.00050524 0.0109413
0.0612289 0.0567631 -0.00386812 0.00989371
0.0521432 0.0523749 -0.00145813 0.00790674
0.0616369 0.0567604 -0.000296473 0.0101194
0.0502334 0.0514129 -0.000695292 0.00932911
0.0517709 0.0521058 -0.00193572 0.0104555
0.062047 0.0569378 0.000575485 0.00968674
0.0495776 0.0510811 0.000710216 0.00917093
0.0560723 0.0541605 -0.000174819 0.0101469
0.0578885 0.0550634 0.000707441 0.00991857
0.0545962 0.0536012 0.00112882 0.0096929
0.0481238 0.0503192 -0.000752052 0.00867886
0.0654056 0.0586654 -0.00133371 0.00989163
0.0429728 0.0475527 -0.0011121 0.010764
0.0408085 0.0463395 0.00191144 0.00847675
0.0648214 0.0584048 -0.000287162 0.0111949
0.0559417 0.054259 0.000444933 0.00935473
0.0396199 0.0456625 -0.00020893 0.00830862
0.0592411 0.0558261 -0.00183664 0.00956612
0.0514986 0.052051 -0.00128582 0.0093274
0.0581588 0.0551329 -0.00138894 0.0102081
0.0434645 0.0478184 -0.00146614 0.00950987

0 0.00171407 0 0.000351216
0.0479661 0.0502351 -0.000846307 0.00908479
0.0447348 0.0485144 -0.000790433 0.00870979
0.0433866 0.0477767 -0.000775188 0.00863457
0.0419125 0.0469572 -0.0008781 0.0083666
0.0404708 0.0461429 -0.000784716 0.00827951
0.0395346 0.0456076 -0.000458161 0.00807961
0.037502 0.0444174 -0.000849389 0.00785184
0.0373434 0.044324 -0.000608041 0.00791302
0.0348328 0.0428095 -0.000598414 0.00765966
0.035026 0.0429275 -0.000382733 0.0076068
0.0336195 0.0420543 -0.000804855 0.00735398
0.0336309 0.0420616 -0.00069181 0.00747692
0.0318858 0.040955 -0.000793023 0.00688611
0.029637 0.0394881 -0.000409622 0.00659479
0.0269565 0.0376572 -0.000710913 0.00673604
0.0350245 0.0427409 -0.000410189 0.00728733
0.0371934 0.0441299 0.000183015 0.00833379
0.0255613 0.036501 -0.000542367 0.00694686
0.0420708 0.0470438 -0.00130418 0.00852214
0.036521 0.0438321 -0.00100699 0.00824796
0.0334534 0.0419519 -0.000632228 0.00668347
0.0311822 0.0405083 0.00017808 0.00653344
0.0395137 0.0454151 -6.02287e-05 0.00757734
0.042345 0.0470194 0.00191155 0.00812677
0.045211 0.0486261 0.00150229 0.0100612
0.0486687 0.0503463 -0.00228326 0.00845347
0.0366386 0.0439139 0.000633138 0.00757525
0.0400326 0.0457607 0.00117652 0.0104115
0.0408323 0.0462418 -0.00161543 0.00753821
0.0325927 0.0414037 -0.00101474 0.00655359
0.0347679 0.0426686 3.93306e-05 0.00718186
0.0383955 0.0447484 -0.00184217 0.00770708
0.046503 0.04927 -0.000841966 0.0101095
0.0354225 0.0431807 0.00111115 0.00716771
0.0371169 0.0440931 -3.4949e-05 0.00705875
0.0540331 0.0533295 0.0021431 0.00842976
0.026359 0.0369187 -0.00195856 0.00601605
0.0308402 0.0401473 -0.00017801 0.00639747
0.0293555 0.0392018 -0.00237354 0.00993449
0.039863 0.0455748 -0.000104905 0.00788066
0.0382053 0.0448314 -0.0012722 0.0086802
0.0374687 0.0442817 -0.00166761 0.00706154
0.0331528 0.0417499 -0.00140565 0.00678377
0.039448 0.0453824 0.000904456 0.00659113
0.0333349 0.0418821 -0.000229905 0.00707829
0.0365385 0.043729 -0.000426183 0.00673389
0.0462446 0.049104 -0.000887716 0.0097337
0.0433836 0.04778 0.000261412 0.00994123
0.0381374 0.0447857 -0.00145063 0.0077611
0.0406673 0.0461428 0.000267557 0.00764666
0.0338327 0.0422013 0.000967083 0.00659929
0.0246912 0.0360326 -0.00118405 0.00639451
0.0290483 0.0390529 -0.0019649 0.00826398
0.0292528 0.0392331 0.000144068 0.00680422
0.0211381 0.0333185 -0.00144949 0.00570853
0.0254421 0.036425 -0.000954493 0.00643718
0.051017 0.0518075 -0.000126811 0.0082334
0.0311277 0.0403388 2.5956e-05 0.00683332
0.0316604 0.0407246 0.000682957 0.00751208

0 0.00158348 0 0.000312478
0.0257011 0.0366777 -0.000400027 0.00651824
0.0237392 0.0353405 -0.000416744 0.00640538
0.0228295 0.0346543 -0.000534534 0.00613541
0.0211764 0.0333798 -0.00022249 0.00593209
0.0207913 0.0330735 -0.000250304 0.00600785
0.0204292 0.0327845 -0.000215512 0.00589289
0.0187895 0.0314405 -0.000345635 0.00548787
0.0203874 0.0326605 -0.000505812 0.00600735
0.0186436 0.0313171 -0.000436915 0.00567537
0.0172198 0.0300989 -0.000283948 0.00524826
0.0173435 0.0301265 -0.000730794 0.00548133
0.0187089 0.031292 -0.000224397 0.00582669
0.0183055 0.030957 -0.000649817 0.00592893
0.0130583 0.0261598 -0.000459578 0.00622773
0.0152247 0.0282104 -0.000330628 0.00472118
0.0174064 0.030142 0.000626187 0.00492768
0.0191009 0.0317173 0.00144928 0.00404244
0.0238629 0.0352764 0.000766103 0.00622541
0.0257107 0.0366644 0.000841709 0.00578981
0.0211161 0.0333366 0.000138341 0.00562173
0.0194582 0.0319942 -0.000528636 0.00824018
0.0234522 0.0349231 -0.00097617 0.00590586
0.02007 0.0325026 0.00055341 0.00464933
0.0187814 0.0314391 0.000251745 0.00562673
0.0315627 0.0407457 -0.000822953 0.00641776
0.0255982 0.0367005 -0.000339367 0.00616108
0.0184972 0.0311543 -0.0013962 0.00614461
0.021628 0.0335275 -0.00144067 0.00545681
0.0246799 0.0359071 -0.00118064 0.00534336
0.0214319 0.0335647 -0.00100047 0.00545596
0.0204191 0.0327785 -2.72878e-05 0.00573089
0.0305968 0.0401308 0.000727368 0.00685651
0.0251218 0.0363565 -0.000393447 0.00665395
0.0306259 0.0399973 -0.000297404 0.00728387
0.0262403 0.0371609 0.000133429 0.00845668
0.0208948 0.0331611 5.11788e-05 0.00580697
0.0316484 0.040814 0.000600789 0.00725314
0.0228766 0.0345164 0.000363921 0.0054832
0.0185219 0.0312281 0.000751987 0.00608482
0.0223658 0.0342699 -0.00155247 0.00645255
0.0333775 0.0419093 -0.000305364 0.00733753
0.0175978 0.0304152 -0.00114211 0.00584431
0.02893 0.0390253 0.00261581 0.00714559
0.0200747 0.0325104 0.00136869 0.00475353
0.0285364 0.038534 0.000356649 0.0068956
0.0174652 0.0301986 -0.000399785 0.00539353
0.0185501 0.0311605 0.000279947 0.0064457
0.0339281 0.0420092 0.00359294 0.00536178
0.0344696 0.0424482 0.0024425 0.00948817
0.0229839 0.0347191 0.00105652 0.00775498
0.0186115 0.0312972 0.000106285 0.00604062
0.0167162 0.0294804 -0.00143484 0.00378093
0.0274494 0.0379477 -0.00305977 0.00659913
0.0228 0.0346298 -0.000872718 0.00637833
0.0182246 0.0309698 4.85177e-05 0.00559198
0.034701 0.0427319 0.000507664 0.00754375
0.0233307 0.0348864 0.000432092 0.00555772
0.0192365 0.0318222 0.000947859 0.00471913
0.030705 0.0402014 0.000849105 0.00700996

0 0.00157475 0 0.000302138
0.0014612 0.00870788 3.46144e-05 0.00138351
0.0024968 0.0114243 0.000114172 0.00186921
0.00214543 0.0102428 7.52993e-05 0.00165232
0.00214807 0.0106139 6.86768e-05 0.00230624
0.00341566 0.0133409 5.63988e-05 0.0022823
0.00223623 0.0105325 -0.000134361 0.00185551
0.00362808 0.0137302 4.55707e-05 0.00238457
0.00465107 0.0156272 0.000232523 0.00265851
0.00268458 0.0118369 -0.000206488 0.00208633
0.00268696 0.0119004 0.000243206 0.00189982
0.00174449 0.00941735 -0.000125226 0.00167114
0.00614748 0.0179706 0.000673309 0.00285727
0.00615795 0.00499617 0.000684243 0.0004968
0.00726307 0.0193189 -0.00033133 0.00459448
0.00528951 0.0166838 -0.0003796 0.00343405
0.00658104 0.0185521 -0.000213197 0.00394308
0.0106321 0.0236482 0.0005295 0.00462748
0.0146628 0.0276592 4.70452e-05 0.00571716
0.012127 0.0251655 0.000732454 0.0034815
0.0132916 0.0263303 0.00101084 0.00381923
0.00943479 0.022287 -0.000592829 0.00475466
0.0146074 0.0275278 0.000550154 0.00531286
0.0108837 0.0238257 -0.000537978 0.00427978
0.0151299 0.0279612 -0.00141643 0.00729211
0.0169286 0.0297147 0.00085197 0.00451228
0.0150722 0.0281708 0.000990435 0.00540709
0.0129998 0.0261614 0.00125725 0.00537081
0.014766 0.0278418 0.000574826 0.00487579
0.0139853 0.0271264 0.00108014 0.00718556
0.0141097 0.0272504 0.00013301 0.00418513
0.0175767 0.0303861 0.00160528 0.00573078
0.0122453 0.0163772 0.00136064 0.00182262
0.00942697 0.0221232 -0.000671588 0.00329624
0.0177032 0.0305232 0.00043389 0.00526703
0.0113797 0.0244705 -0.000524246 0.00532326
0.0102883 0.0192602 0.00128765 0.0024461
0.0143471 0.0274803 0.000496997 0.00523304
0.0113116 0.0243236 -0.000126989 0.00385118
0.0262157 0.0371302 -0.000298282 0.00716283
0.0137752 0.0268754 -0.000237157 0.00568996
0.0177085 0.0305175 0.00101871 0.00551737
0.0237375 0.00938985 0.00296764 0.00130556
0.024847 0.0356794 0.00110628 0.0062899
0.0192037 0.0317881 0.000830946 0.00630777
0.0231555 0.0347154 0.00145901 0.00583075
0.0221423 0.0341685 0.00183637 0.00772808
0.0108891 0.0241443 0.00143359 0.00509047
0.0103477 0.0232441 0.000443549 0.00350757
0.0156683 0.0285224 -0.000212326 0.00481937
0.013194 0.0264732 -0.00155883 0.00690184
0.0245371 0.0359171 -0.00106714 0.00660864
0.0132365 0.0263592 -0.00105315 0.00398421
0.0221417 0.034209 0.00252021 0.00619075
0.0119851 0.0251164 0.000784727 0.00466718
0.0189548 0.0315984 0.0015143 0.00476969
0.0232578 0.0349226 0.00118635 0.00553698
0.011587 0.024562 -2.23445e-05 0.00409953
0.0195313 0.0320332 0.00158796 0.00451999
0.0224628 0.0341143 0.0016314 0.00546205

