0 0.00407119 0 0.00187058
0.180207 0.0973855 -0.00244378 0.0176526
0.169747 0.0945074 -0.00230375 0.0170019
0.161754 0.0922545 -0.0023944 0.0165858
0.157565 0.0910512 -0.00228432 0.0163725
0.151319 0.0892288 -0.00216149 0.016089
0.149537 0.0887001 -0.0023404 0.0160136
0.1445 0.0871945 -0.00220978 0.0157109
0.144392 0.0871609 -0.00182072 0.0158079
0.141274 0.0862147 -0.0023869 0.0154698
0.136817 0.0848451 -0.0018811 0.015292
0.136157 0.0846387 -0.00186866 0.015137
0.1316 0.0832108 -0.00227348 0.0146984
0.131997 0.0833358 -0.00150472 0.0152422
0.123407 0.0805809 -0.00195894 0.0147341
0.126132 0.081261 -0.0033676 0.0143122
0.133447 0.0838006 -0.00341567 0.0154933
0.137109 0.0847481 -0.0017217 0.0147608
0.122366 0.0802394 -0.00268726 0.0146643
0.147817 0.0881966 -0.00331162 0.0159733
0.141194 0.0861948 -0.000206131 0.0161967
0.134187 0.0840271 -0.00132254 0.0148884
0.159732 0.0916886 0.00040223 0.016315
0.140015 0.0858396 0.00290056 0.0150213
0.165989 0.0934688 0.00271522 0.017107
0.152355 0.0895392 0.000321967 0.0156235
0.14006 0.0858483 -0.00126381 0.0166267
0.133137 0.0836994 -0.000372825 0.0144278
0.15923 0.0915392 -0.00432628 0.0161392
0.128383 0.0822029 0.00297115 0.0148841
0.143958 0.0870368 -0.0038737 0.0157725
0.147475 0.0878943 -0.00175358 0.0156449
0.145306 0.0873129 -0.00468119 0.0159911
0.122587 0.0803194 0.000312286 0.0146442
0.148462 0.0883869 -0.00371952 0.0146175
0.128687 0.0822802 -0.00456512 0.0144404
0.154823 0.0902639 -0.00433077 0.0173068
0.167786 0.093966 -0.00471643 0.0165718
0.127366 0.081875 0.00307495 0.0151147
0.12688 0.0817076 0.000352212 0.0143459
0.15243 0.0895607 -0.00445952 0.0162775
0.128733 0.0823097 0.00152975 0.0143843
0.13963 0.0857249 -0.000222068 0.0160391
0.153197 0.0897947 0.00147432 0.0157829
0.141101 0.0861656 -0.00170327 0.0156578
0.132841 0.0836022 -0.00255665 0.0156184
0.119463 0.0792824 -0.00225063 0.0145825
0.151923 0.0894198 0.00190156 0.0171006
0.143065 0.0867664 0.00176988 0.0148499
0.169198 0.09436 -0.00410458 0.0164222
0.132462 0.0834883 -0.00286569 0.016516
0.147264 0.0880353 -0.0016323 0.0159284
0.121949 0.0801108 0.000427675 0.0151577
0.123708 0.0806753 -0.00154732 0.0140274
0.143201 0.0868154 0.000917216 0.0147267
0.153328 0.0898277 -0.0027794 0.0153733
0.127258 0.0818344 -0.000893576 0.0157389
0.135688 0.0842924 0.0004101 0.0151855
0.137046 0.0849162 -0.00618046 0.0164453
0.114464 0.0776057 -0.00270271 0.013515

0 0.00218801 0 0.000419532
0.121724 0.0800301 -0.00231751 0.0145048
0.11368 0.0773381 -0.00250315 0.0139161
0.108084 0.0754097 -0.00239616 0.0135588
0.103629 0.0738399 -0.00185177 0.0133558
0.098975 0.0721615 -0.00223286 0.0130542
0.0960802 0.0710991 -0.00168529 0.0127075
0.0952313 0.0707838 -0.00155199 0.0127352
0.0921153 0.0696162 -0.00180486 0.0125189
0.0868789 0.0676078 -0.00217249 0.0122563
0.0822419 0.0657885 -0.00272061 0.0118764
0.081682 0.0655535 -0.00172181 0.0117832
0.0838783 0.066283 -0.00142133 0.011918
0.0807314 0.0651721 -0.00167143 0.0118187
0.0813496 0.0654203 -0.00155871 0.0127017
0.07 0.0606876 -0.00167038 0.0106467
0.0722576 0.0615206 -0.00108807 0.0104324
0.0714728 0.0613224 -0.000787104 0.0119151
0.0976209 0.0716765 -0.000386892 0.0131205
0.0764203 0.0634154 -0.000817978 0.0110317
0.0880201 0.0678449 -0.00061336 0.0124211
0.110086 0.0761206 0.0038559 0.0148638
0.0915153 0.0693662 -0.00656783 0.013116
0.107054 0.0750593 -0.00139433 0.0136132
0.0876056 0.0678902 -0.00272652 0.0127923
0.108862 0.0756945 0.00148517 0.0144412
0.0811661 0.065351 -0.00292211 0.0116871
0.0979974 0.0718077 -0.00288639 0.0124028
0.0989064 0.0721387 -0.000339759 0.0135611
0.103352 0.0735681 -0.00150556 0.0123126
0.0733042 0.062094 -0.00324474 0.0100863
0.101 0.0728761 -0.00640636 0.0134027
0.0856038 0.0671214 0.00195779 0.012107
0.0844238 0.0666441 -0.00179455 0.0128583
0.0870333 0.0675346 -0.00302335 0.0126495
0.0985542 0.0720243 0.00257212 0.013227
0.0754469 0.0630149 0.00110309 0.0112047
0.0645594 0.0582863 -0.000319156 0.01022
0.071183 0.0611186 -0.0069989 0.014071
0.0923712 0.0697094 -0.00385523 0.0130374
0.0963986 0.0711927 -0.00645613 0.0130517
0.0904188 0.0689412 -0.00564482 0.0123468
0.0830042 0.0660863 -0.00109974 0.0123827
0.0969282 0.0714196 -0.00186672 0.015608
0.0947678 0.0706173 0.00169652 0.0133465
0.0865375 0.0674761 -0.00181211 0.0118936
0.0928544 0.0696938 -0.00284384 0.0144585
0.0827568 0.0659908 -0.000380812 0.0118878
0.0683336 0.0599652 -0.00192337 0.0117131
0.0981713 0.0718795 0.000718286 0.0127756
0.0923575 0.069711 -0.000912301 0.0134576
0.0785625 0.0642955 -0.00156131 0.0140624
0.0812783 0.0653337 -0.00298549 0.0128198
0.0927386 0.0698576 -0.00189884 0.0114672
0.0831494 0.066145 -0.000954103 0.0110956
0.0733382 0.0620826 -0.00496194 0.0112032
0.0860136 0.0671842 -0.00836689 0.0126709
0.0798426 0.0648183 5.50359e-05 0.0127857
0.0673607 0.00223429 -0.00748459 0.000176316
0.0774998 0.0638529 -0.00305477 0.0131947

0 0.00197832 0 0.000413201
0.072118 0.0615889 -0.00167849 0.0111619
0.0679115 0.0597761 -0.00104813 0.0107724
0.0638723 0.0579693 -0.00138597 0.0103738
0.0607205 0.0565209 -0.00123483 0.0100852
0.0591103 0.0557661 -0.00112078 0.0100384
0.0562777 0.0544138 -0.00111214 0.00974135
0.0533775 0.0529929 -0.00113135 0.00955028
0.0546878 0.0535225 -0.000915858 0.00943051
0.0517262 0.052163 -0.00160047 0.0093096
0.0478482 0.0501721 -0.00125632 0.00905215
0.0503569 0.051341 -0.00139265 0.00945824
0.0483906 0.0504596 -0.00027169 0.0091594
0.0548865 0.0535833 0.000110306 0.00957936
0.0384902 0.0449988 -0.00137284 0.00806973
0.0467002 0.0493721 -0.00104588 0.00948645
0.0558063 0.0539992 0.000277359 0.00955846
0.0586292 0.0554102 -0.000359564 0.0103698
0.0706828 0.0609965 0.00278891 0.0110997
0.0490373 0.0508043 0.000909347 0.00882153
0.0565154 0.0542764 -0.00196198 0.0105189
0.0584373 0.0552703 0.00224446 0.00947643
0.0568779 0.0545336 0.00252243 0.0099016
0.060155 0.0562823 0.00544345 0.0112155
0.0651323 0.0582566 -0.00317349 0.00966134
0.0545301 0.0535653 -0.0013182 0.00901309
0.0678168 0.0597388 -0.00117879 0.0115059
0.0575872 0.0550575 0.00208305 0.00943931
0.0526657 0.052641 -0.00059871 0.00903369
0.0672716 0.0594877 -0.00231828 0.00942219
0.0679749 0.0598048 0.000131902 0.0112296
0.0530365 0.0528349 0.00171086 0.0102416
0.0465271 0.0494774 -0.00187292 0.0107299
0.0595224 0.055734 -5.71509e-05 0.010885
0.0448387 0.0485743 -0.000564018 0.00893324
0.0596134 0.0560143 0.000587226 0.00909177
0.0708744 0.0610816 0.00368868 0.0102744
0.0575436 0.0550327 0.00106999 0.00962591
0.0615189 0.0567908 -0.00168775 0.0107793
0.0546274 0.0536015 -0.00346841 0.00990527
0.0483718 0.050432 -0.00270189 0.0100368
0.0676064 0.0596451 -0.00106739 0.0100089
0.0591695 0.0558 -0.00133159 0.0101585
0.0626626 0.0574106 -0.00370469 0.011025
0.0445065 0.0481426 -0.00406155 0.00656607
0.0547886 0.0537053 0.00172582 0.0095711
0.0543669 0.0534826 -0.000596339 0.0100741
0.0544935 0.0535475 0.00020023 0.00869662
0.0654134 0.0586805 0.00399561 0.00926212
0.0773003 0.0635477 0.00141348 0.0118282
0.0513134 0.0519635 -0.000820157 0.00886001
0.0637481 0.0579199 -0.00128541 0.0117879
0.0516961 0.0521533 -0.00110728 0.00959739
0.0464917 0.0494782 0.00445433 0.0101036
0.0462709 0.0492472 0.0012842 0.00920629
0.0433967 0.047651 0.00293799 0.00872177
0.06415 0.0581101 0.00257981 0.0114845
0.0458306 0.0488107 -0.00359648 0.00690887
0.0406271 0.0462369 -0.000125679 0.00905959
0.0514532 0.0518244 0.000152042 0.00814878

0 0.00178894 0 0.000325935
0.0464522 0.0494384 -0.000953243 0.00892944
0.0452135 0.0487709 -0.000999437 0.00880172
0.0431061 0.0476228 -0.000701054 0.00855428
0.0410635 0.0464807 -0.000665896 0.00823369
0.040383 0.0459942 -0.00114028 0.0080492
0.038374 0.0449328 -0.000611969 0.00812087
0.0389858 0.0452892 -0.00038068 0.00795927
0.0361137 0.0435886 -0.000746121 0.00760868
0.0364067 0.043668 -0.000815417 0.00794932
0.0322003 0.041162 -0.000383954 0.00735229
0.0390694 0.0451782 -0.000240772 0.00805368
0.0321529 0.0411267 -0.00101684 0.00715034
0.0338494 0.0421028 0.000328055 0.00695299
0.0303284 0.0399513 0.000386371 0.00621653
0.03564 0.0431645 6.43786e-05 0.00730186
0.032073 0.0410814 0.00158279 0.00634913
0.0329179 0.0415284 0.000215196 0.00930504
0.0378369 0.0444243 -0.00133051 0.00769191
0.0494119 0.0510008 0.00200358 0.01004
0.036287 0.0437018 0.00243314 0.00710999
0.034932 0.042768 -0.00343805 0.00744986
0.019579 0.032073 -0.00129993 0.00660981
0.0487526 0.050399 -0.000856276 0.00846526
0.0377904 0.0445986 0.000640805 0.00820648
0.0387422 0.0449926 -0.00280773 0.00981661
0.0387996 0.0451852 0.000611202 0.00766135
0.0419542 0.0465388 -0.00342867 0.0105036
0.030966 0.0403093 -0.00210824 0.00599582
0.0297922 0.0395849 -0.000753663 0.00627796
0.0334567 0.0420035 0.00352241 0.00683736
0.0402691 0.0457058 -0.00335931 0.0102847
0.0339813 0.0422907 0.0016215 0.00893015
0.0534368 0.0530294 2.21819e-05 0.0112351
0.0197777 0.0322673 0.000627691 0.00529913
0.034099 0.0423453 -0.00139127 0.00899761
0.0591771 0.0557847 -0.00257384 0.0122588
0.0430717 0.0476123 0.000255693 0.00721192
0.0288072 0.0390689 -0.00320097 0.00824731
0.0420799 0.0470702 0.00212845 0.0090278
0.0238325 0.0353174 -0.000122173 0.00783535
0.0636356 0.0578466 -0.00312313 0.0102669
0.0367284 0.0438039 0.000782944 0.00792777
0.0386508 0.0449731 -0.000582889 0.00708599
0.0332903 0.0418566 0.000172597 0.00642105
0.0426353 0.0471678 0.00039952 0.00915614
0.0327843 0.0415057 -0.00214366 0.0127831
0.0305799 0.0400919 0.00146362 0.00595095
0.0430372 0.0475711 -0.00216379 0.00903053
0.0247474 0.0360308 0.00125004 0.00603064
0.04587 0.0491297 0.000398582 0.00809506
0.0312122 0.0403476 0.000529818 0.00895712
0.0263939 0.0372569 -0.000925268 0.00726883
0.0332438 0.0417773 -0.00172204 0.00918888
0.0428324 0.0472456 0.000696097 0.00887464
0.0715931 0.0613813 0.00102543 0.0113394
0.0507705 0.0516683 -0.00309578 0.011627
0.0388263 0.0452015 -0.000389532 0.0105229
0.0420548 0.0469805 0.001707 0.00818286
0.0247658 0.0359737 0.000639146 0.0062751

0 0.00148964 0 0.000285861
0.0249566 0.036116 -0.00031551 0.00656691
0.0242062 0.0356859 -0.000366772 0.00638011
0.0217782 0.0338499 -0.000358558 0.00601873
0.0217501 0.0337532 -0.000452257 0.00599199
0.0214398 0.0335821 -0.00050056 0.00585767
0.018512 0.0312103 -0.000181427 0.00573432
0.0217339 0.0337071 -0.000125855 0.00569029
0.0206967 0.0329931 -0.000628298 0.0058157
0.0205377 0.0328717 -0.000174412 0.00588772
0.0178677 0.0306579 -0.000414787 0.00480396
0.0208439 0.0330005 -0.000393038 0.006074
0.0194347 0.0319748 -0.000407523 0.00582502
0.0143401 0.0273325 -0.000558177 0.00514399
0.0148268 0.0273533 -0.00185218 0.00232463
0.0327907 0.0415278 -0.000329087 0.00855144
0.0331369 0.0417556 0.00159046 0.00724887
0.0303388 0.0399557 -5.3392e-05 0.00755797
0.0279125 0.0381985 0.00184035 0.00732773
0.0400934 0.0459495 0.00298988 0.00691025
0.0181322 0.0308379 -0.000314795 0.00572525
0.0152978 0.0283336 -0.00158487 0.0101665
0.0202724 0.0324973 -0.000395377 0.00616918
0.0450057 0.0486703 -0.00113679 0.00917631
0.0403147 0.0055457 -0.00503899 0.000933652
0.0240736 0.0349232 0.000499997 0.00596811
0.0448409 0.0485633 -0.00195869 0.00802551
0.0361053 0.0435854 -0.000960192 0.00860042
0.0342494 0.0424441 0.00210888 0.00909921
0.030369 0.0397535 -0.00257787 0.0062344
0.0212657 0.0332696 0.000521253 0.00398783
0.0212216 0.033417 0.000161907 0.00583129
0.0242251 0.0355686 0.000713564 0.00594364
0.0475994 0.0500464 0.00104621 0.00985869
0.0300684 0.0395513 -0.00127366 0.00708695
0.0415756 0.0465939 -0.00351731 0.00690018
0.0371634 0.044228 0.00134671 0.0082016
0.0334991 0.0420054 0.00250757 0.00670351
0.0518001 0.0522131 0.000535789 0.00852572
0.030461 0.0400534 0.00203241 0.00563656
0.033932 0.0421369 -0.000377102 0.00879677
0.0362725 0.0435695 -0.000386731 0.00690766
0.0329968 0.0416706 0.000164355 0.00712921
0.0444536 0.0483732 0.00158596 0.00928793
0.031436 0.0406643 -0.0010747 0.00839139
0.0228709 0.0344943 -0.000529402 0.00503799
0.0429101 0.0475232 0.00179176 0.00835872
0.0206653 0.00106925 -0.00229612 0.000123715
0.0278253 0.0382716 0.000651434 0.00584771
0.0436054 0.0478988 -0.00074785 0.00847779
0.023137 0.0347677 0.00197897 0.00831995
0.032191 0.0411607 0.00242038 0.0078877
0.0342854 0.0424178 -0.00284826 0.00718791
0.035031 0.0428223 -0.00247379 0.0109105
0.0345392 0.0426324 0.000347724 0.00774936
0.0167893 0.029603 -0.000855587 0.00484846
0.0280758 0.0384367 -0.000628974 0.00853542
0.0264762 0.00150285 -0.00330957 0.000199219
0.0409654 0.0464233 -0.000126051 0.00926008
0.0377959 0.0445908 -0.000751911 0.00816825

0 0.00165712 0 0.000325875
0.00156759 0.00899326 -6.44376e-05 0.00164708
0.00213108 0.0105531 3.40257e-05 0.00142356
0.00270656 0.011906 -0.000108121 0.00239
0.00201773 0.0099348 0.00015386 0.00151995
0.00325141 0.00666474 0.000407568 0.000875911
0.00406136 0.0145539 -6.85322e-05 0.00262685
0.00454898 0.0154844 0.000307188 0.00246923
0.00300652 0.0125645 9.21546e-07 0.00186416
0.00340054 0.0134227 0.000376788 0.00226039
0.0057035 0.0172559 -0.000235863 0.00460315
0.00682956 0.0189135 5.87982e-05 0.00393044
0.00514721 0.0164223 -1.87593e-05 0.00255118
0.00519362 0.016412 0.000260841 0.00274745
0.0129674 0.0261148 0.000856887 0.00446713
0.0184895 0.0310188 0.000199846 0.00632044
0.0114595 0.0246318 0.00120293 0.00287967
0.0174954 0.030113 0.000538554 0.00650104
0.0158284 0.0287834 -0.000999368 0.00437593
0.0158556 0.0288844 -0.000992184 0.00591895
0.0186073 0.0311838 -0.000323977 0.00474415
0.0162939 0.029278 -0.000995494 0.00534357
0.0206938 0.0330275 0.00185704 0.0045592
0.0171615 0.0298736 0.00129477 0.00487964
0.0219956 0.0338766 -4.04939e-05 0.00779922
0.0301534 0.039624 -0.000427374 0.00613115
0.0215139 0.0336512 0.00128912 0.00661588
0.00637714 0.018318 0.00043577 0.00403912
0.009413 0.0222616 0.000362794 0.00322083
0.0584802 0.0554548 -0.00196317 0.00803794
0.0152396 0.0282562 8.07825e-05 0.00425974
0.0213166 0.033314 0.000157304 0.00758133
0.0297349 0.0393134 -0.00282922 0.00550549
0.0265506 0.0373417 0.0015606 0.0067838
0.0314604 0.0405075 -0.0013682 0.00757033
0.0297616 0.0393846 0.00243608 0.00768644
0.031267 0.0404669 -4.71754e-05 0.0078893
0.0341562 0.0422574 -0.000710498 0.0095385
0.0277722 0.0382314 0.000200803 0.00680396
0.0120044 0.0444465 -0.0014997 0.00482525
0.0210722 0.0134413 0.0035125 0.00153504
0.0271665 0.0373423 0.000208388 0.0068019
0.018405 0.0309773 0.000587729 0.00572024
0.0277264 0.0381805 -0.00112893 0.00566143
0.0340441 0.042155 -0.000896055 0.00872623
0.0117582 0.0248857 0.000589747 0.00433575
0.0373338 0.0443256 -0.000640953 0.00858347
0.0300312 0.0397596 0.000838931 0.00749052
0.0103002 0.0232375 0.000598092 0.00357296
0.0335654 0.0419965 -0.00244922 0.00861248
0.00843042 0.0210084 0.000551342 0.00275079
0.0194365 0.0319732 -2.73862e-05 0.0043605
0.0262163 0.0367926 -0.0028654 0.0111654
0.00888794 0.0215394 -0.000155508 0.00552172
0.0221227 0.00486129 0.00276532 0.000597657
0.0140125 0.0245292 0.00108349 0.00426359
0.0240147 0.0355496 -0.00145061 0.00605039
0.0233288 0.0350606 -0.00189004 0.00639206
0.0255105 0.0365179 0.000633351 0.00531088
0.0231143 0.034879 0.000440295 0.00587979

