0 0.00407119 0 0.00187058
0.180565 0.0974821 -0.00250414 0.0176469
0.169217 0.0943599 -0.00245421 0.0170362
0.163648 0.0927925 -0.00227838 0.016767
0.157929 0.0911564 -0.0024783 0.0164269
0.155459 0.0904397 -0.00241452 0.0163041
0.150889 0.0891014 -0.0021497 0.0160829
0.147231 0.0880139 -0.00237743 0.0159072
0.145981 0.0876392 -0.00212809 0.0157384
0.141281 0.0862179 -0.0021097 0.0154561
0.138472 0.0853556 -0.00209573 0.0152775
0.137603 0.0850864 -0.00225796 0.0151382
0.132723 0.0835674 -0.00124511 0.0151189
0.130915 0.0829917 -0.00271721 0.014903
0.130044 0.0827186 -0.00083245 0.0148213
0.126373 0.0815411 -0.00218093 0.0145248
0.122724 0.0803551 -0.00226848 0.0146144
0.133602 0.0838532 -0.000932481 0.0150114
0.137738 0.0849342 -0.002212 0.0154052
0.130471 0.0828583 -0.00487665 0.0165477
0.133964 0.0837592 -0.00303873 0.015646
0.146807 0.0879021 0.00153051 0.015478
0.145896 0.0876163 -0.000141606 0.0151996
0.14132 0.0862321 -0.000524831 0.0158019
0.134801 0.0842169 -0.00239682 0.0147825
0.15338 0.0898432 -0.00317754 0.0167206
0.134025 0.0839857 -0.00365569 0.0152291
0.160234 0.0918326 0.000834958 0.0177866
0.133126 0.0836993 -0.00109339 0.0146058
0.148756 0.08848 -0.00180792 0.0152275
0.144585 0.087221 -0.00162066 0.0163495
0.140378 0.085946 0.00172611 0.0150145
0.149643 0.0887481 0.002808 0.0169891
0.137687 0.0851174 -0.0014006 0.0144352
0.133785 0.0839036 0.00162966 0.0154509
0.150009 0.0888527 -0.000996914 0.0148182
0.13543 0.0844182 -0.00109712 0.0151233
0.144779 0.0872901 -0.00109991 0.0150225
0.141543 0.0862994 -0.000785532 0.0157666
0.147524 0.0879007 -0.00159181 0.0153936
0.140032 0.0858466 -0.00456844 0.0155905
0.126485 0.0815902 -0.00244496 0.0154952
0.130603 0.0827027 -0.0024757 0.0145517
0.13678 0.0846396 -0.000301499 0.0153676
0.126251 0.081518 0.00420878 0.0140216
0.135693 0.0842887 0.000403032 0.014833
0.127195 0.0818113 0.000165552 0.0150148
0.139199 0.0855904 -0.00189937 0.0158859
0.145462 0.0872837 -0.00153629 0.015197
0.125762 0.0813494 -0.00137966 0.0137531
0.126351 0.0815345 -0.00105565 0.0145256
0.121457 0.0799498 -0.00335124 0.0148527
0.132047 0.0833652 0.000223829 0.014388
0.139273 0.0853999 -0.00146836 0.0172458
0.144995 0.0871484 -0.000153626 0.0152164
0.15114 0.0889751 -0.000231501 0.0157999
0.126373 0.0815476 -0.00161842 0.0142253
0.13347 0.0838049 -0.00511169 0.0160965
0.122962 0.0804318 -0.00584397 0.0149097
0.109933 0.0760593 0.000108561 0.013353

0 0.00216579 0 0.00041695
0.123632 0.0806533 -0.00233297 0.0146074
0.115087 0.0778163 -0.00218146 0.014032
0.110228 0.0761541 -0.00228226 0.0137478
0.105361 0.0744535 -0.00227817 0.0134234
0.102402 0.0733998 -0.0021769 0.0131927
0.0989908 0.0721683 -0.00171398 0.0130203
0.0950613 0.0707208 -0.00191122 0.012738
0.0933583 0.0700841 -0.00170459 0.0125811
0.0912635 0.0692929 -0.00183524 0.0124469
0.0910469 0.0692113 -0.00134739 0.0124627
0.0892372 0.0685191 -0.00180347 0.0122959
0.0840628 0.0665059 -0.00119813 0.0115926
0.0842815 0.0665897 -0.00126786 0.0117199
0.0849071 0.0668354 -0.00152906 0.0119265
0.0706287 0.0609553 -0.00264867 0.0107179
0.0790817 0.064294 -0.00239548 0.0122423
0.0844069 0.0664741 -0.000875979 0.0117759
0.0700507 0.0607096 -0.00191757 0.0109151
0.0794118 0.0644259 -0.00222076 0.0113853
0.0905862 0.0690389 -0.00333541 0.0132163
0.0942013 0.0702374 -0.00165483 0.0118705
0.0892989 0.0685488 0.000227489 0.012102
0.0976248 0.0714823 0.000768866 0.0132194
0.0875731 0.0678788 -0.00210108 0.0126037
0.104131 0.0740252 -0.0021089 0.0136358
0.0973022 0.0715526 -0.00130604 0.0136364
0.0967479 0.0712024 -0.00284941 0.012464
0.0806199 0.0651258 -0.00367091 0.0128909
0.106795 0.0749677 -0.00112518 0.0129976
0.078594 0.0643028 -0.00282087 0.0109142
0.0685541 0.0600605 -0.00228331 0.0111324
0.0890191 0.0684456 -0.000621992 0.0123374
0.0931373 0.0698399 -0.0014267 0.0125117
0.0761112 0.0632774 -0.00255942 0.0110427
0.0826642 0.0659622 0.00404974 0.0119434
0.104868 0.0742876 -0.0013677 0.0117516
0.10523 0.0744079 -0.00105535 0.0132169
0.0802512 0.0649858 -0.000885167 0.0110157
0.0772764 0.0637762 0.00235683 0.0117501
0.0956557 0.070949 -0.00161622 0.0120562
0.079105 0.0645192 -0.000770923 0.0125655
0.0689671 0.0602362 -0.00203656 0.0112057
0.0946485 0.0705749 -0.00123509 0.0127707
0.0775236 0.0638671 -0.00184829 0.0116776
0.0897923 0.068741 -0.00180114 0.0121836
0.087536 0.0678695 0.00148142 0.0116978
0.0925232 0.0696077 0.000855945 0.0122757
0.111035 0.0764362 -0.00336985 0.0134314
0.086434 0.0674233 -0.00482723 0.0137554
0.0726536 0.0618223 -0.00250833 0.0108193
0.0882858 0.0681579 -0.00287386 0.0137417
0.0676879 0.0596543 -0.00387327 0.00999774
0.0948674 0.0706586 -9.32775e-05 0.0125768
0.0870127 0.067664 -0.000978836 0.0114316
0.0640179 0.058049 0.00205379 0.00990988
0.0832329 0.066187 0.0010704 0.0121098
0.0806224 0.0651301 -0.00100763 0.0123023
0.0649261 0.0584477 -0.00165808 0.0108925
0.0783775 0.0642222 -0.00129871 0.0108324

0 0.00199162 0 0.000375821
0.0740992 0.0624296 -0.00143937 0.0112429
0.0684165 0.059998 -0.00117866 0.0107906
0.0649643 0.0584634 -0.00120739 0.0105423
0.0627706 0.0574669 -0.00122341 0.0103689
0.0606564 0.056491 -0.00112899 0.0100723
0.0572975 0.0549045 -0.00123056 0.00991872
0.0556074 0.0540877 -0.00118461 0.00956625
0.0558254 0.0540778 -0.00114928 0.00977159
0.0522143 0.0524131 -0.00100023 0.00944753
0.0513777 0.0519907 -0.00085098 0.00918698
0.0504218 0.0513857 -0.00180261 0.0093072
0.0458116 0.049094 -0.0010521 0.00895294
0.0519749 0.052142 -0.000221051 0.00916207
0.053302 0.0528156 -0.00189363 0.00929594
0.0482845 0.0504049 -0.000462572 0.00883784
0.0445637 0.048423 -0.000488993 0.00810089
0.0517453 0.0520081 -0.000617581 0.0092328
0.064312 0.0579445 -0.000487517 0.0103038
0.0415891 0.0467842 -0.000146386 0.00814095
0.0374059 0.0443597 -0.000877569 0.00751681
0.0618748 0.0570555 -0.00117236 0.00885151
0.0606496 0.0564917 0.000162606 0.00964689
0.0504266 0.0514927 -0.00277679 0.0101152
0.0623593 0.0570523 -0.00135672 0.0107037
0.0520028 0.0522958 -0.00296251 0.0112829
0.0322978 0.0410836 -0.000126943 0.00662973
0.0657961 0.0588367 0.00109403 0.00915054
0.0507965 0.0516941 -0.00163392 0.00929273
0.04299 0.0475629 -0.000298635 0.00933398
0.053128 0.0528606 -0.00251112 0.0093416
0.054326 0.0533322 -0.0012922 0.00929464
0.0544001 0.0534437 0.00328211 0.00939835
0.0516427 0.0521255 -0.00198055 0.00973022
0.0591462 0.0555759 -0.00224391 0.0098938
0.0386613 0.0450998 -0.00108374 0.0077363
0.0486027 0.0503325 -0.00126255 0.00804157
0.0485756 0.0505523 -0.000637466 0.00869931
0.0580404 0.0550743 0.000239884 0.0106076
0.0503979 0.0514911 -0.00143398 0.00902624
0.0610449 0.0564484 -0.00153809 0.0102227
0.0463626 0.0494015 0.00238936 0.00886965
0.0425307 0.0473096 0.000353207 0.00733408
0.0576143 0.0550708 0.00352022 0.00949377
0.0474755 0.0499863 0.000591246 0.00950154
0.0621936 0.0572134 0.000558402 0.00925939
0.0524625 0.0525462 0.000856135 0.00857953
0.0525723 0.0525061 -0.00240101 0.00912041
0.055984 0.0541646 0.00186937 0.00865967
0.0434094 0.0477964 -8.17253e-05 0.00933482
0.0581897 0.0553404 0.00039442 0.00962499
0.0689892 0.060038 -0.00131292 0.0103933
0.037755 0.0444559 -0.000627525 0.00898263
0.0552848 0.0539402 -0.000917222 0.0121055
0.0505408 0.0515482 -0.00275931 0.00776408
0.0335446 0.0420047 -0.0013413 0.00789292
0.0458303 0.0491139 0.000477793 0.00801537
0.0588314 0.0556463 0.000758781 0.00918282
0.0633087 0.0575324 0.00240049 0.0105173
0.0565445 0.0545431 -0.00105874 0.0090759

0 0.00183583 0 0.000344082
0.0482663 0.0503951 -0.000951019 0.00909929
0.0458308 0.0491047 -0.000797291 0.00879701
0.0417485 0.0468681 -0.000649274 0.00838934
0.0420311 0.0470233 -0.000741944 0.00840436
0.0404407 0.0461267 -0.000647651 0.00827884
0.0372666 0.0442778 -0.000962823 0.00801942
0.0385084 0.0449036 -0.000825765 0.00814336
0.0374487 0.0443889 -0.000289719 0.00791835
0.035339 0.043118 -0.000760861 0.00771471
0.0356883 0.0432304 -0.000925188 0.00792736
0.0341005 0.0423577 -0.000399836 0.00770165
0.0348277 0.042704 -0.000922103 0.00798442
0.0352242 0.0429573 -0.000632885 0.00769772
0.0337416 0.0421329 -0.000576995 0.00769694
0.0336851 0.0420998 -2.62091e-05 0.00758515
0.028321 0.0386015 -0.000518324 0.00658192
0.0343029 0.0423158 -0.000882376 0.00841502
0.0294523 0.0393613 -0.00085538 0.00700526
0.0384287 0.0449775 0.00177997 0.00787144
0.0526185 0.0526255 0.000721512 0.00919287
0.041153 0.0465196 -0.00193467 0.00837495
0.0393071 0.0454747 -0.000664177 0.00770674
0.032733 0.0415108 0.00170511 0.00773276
0.0410755 0.0463092 -4.80601e-07 0.00766629
0.0308784 0.0400622 -0.00218628 0.00814951
0.0288046 0.0389219 -0.00126457 0.00762484
0.0340479 0.0421076 0.00125002 0.00669983
0.0393772 0.0455324 0.002387 0.00745958
0.0480999 0.0501262 -0.00015092 0.00851904
0.0219679 0.0338041 -0.00206343 0.00477931
0.0400257 0.0458896 -0.000392593 0.00773435
0.0368525 0.0440324 -0.000679754 0.0084739
0.0452339 0.0487574 -0.00230319 0.00691977
0.037192 0.0442432 0.001306 0.00955896
0.0338214 0.0421414 -0.00186513 0.00830296
0.0231244 0.0347107 -0.000477959 0.00634539
0.036267 0.0436844 -0.000504173 0.00868652
0.0327965 0.0412753 -0.00259041 0.00842498
0.0275878 0.0381041 0.000307873 0.00782019
0.0347559 0.0425784 -0.000790132 0.00683906
0.031375 0.0406268 -0.000783704 0.00846914
0.0353212 0.0429633 0.00145962 0.00684719
0.0401079 0.0457996 -0.000317997 0.00825307
0.0377525 0.044465 0.00240354 0.00810003
0.0394501 0.0455189 0.00132436 0.00848263
0.0438566 0.047847 -0.00178741 0.00923386
0.0408041 0.0461666 0.0026937 0.00845275
0.0288305 0.0387631 0.000318157 0.00764866
0.0278325 0.0381804 0.000867932 0.00603645
0.041325 0.0466348 3.49603e-05 0.0102621
0.0504743 0.0515261 -0.00205949 0.00859342
0.0380503 0.0447417 -0.00110827 0.00813838
0.0334913 0.0419726 -0.00112264 0.0079499
0.0281434 0.0384815 -0.000317259 0.00624341
0.0247305 0.0360508 -0.00126634 0.00629876
0.0435155 0.0478527 0.000246466 0.00841271
0.0295536 0.0393981 -0.00197716 0.0094277
0.0275872 0.0381002 -5.99275e-05 0.0062078
0.0335418 0.0419221 -0.00247834 0.00582359

0 0.00160739 0 0.000275265
0.0250847 0.0363267 -0.000407882 0.00645896
0.0228766 0.0346924 -0.000427811 0.00616427
0.0227363 0.0345855 -0.000310062 0.00627699
0.0216479 0.0337494 -0.000164403 0.00609314
0.0205091 0.0328498 -0.000161946 0.00602235
0.020448 0.0327974 -0.000375391 0.005846
0.0186951 0.0313628 -0.000252452 0.00575317
0.0204769 0.0327292 -0.000442116 0.00613332
0.0191572 0.0317447 -0.000488846 0.00583837
0.016999 0.0299087 -2.64501e-05 0.00518575
0.016523 0.0294815 -0.000359888 0.00538649
0.0209198 0.0330432 -0.000171689 0.00604456
0.0162315 0.0292003 -0.000973263 0.00493668
0.0181999 0.0308399 0.000492475 0.00539235
0.0185055 0.0311301 -0.000346928 0.00585117
0.0179897 0.0307683 0.000235742 0.00573387
0.0194159 0.0318711 -0.000477511 0.0060654
0.0157998 0.0288112 -0.000814197 0.0045285
0.0164816 0.0293501 -0.000313516 0.00499683
0.0168674 0.0297114 0.000381014 0.00592758
0.0287857 0.0389084 -0.000873522 0.00620096
0.0372844 0.0443028 0.00168814 0.00765224
0.0192613 0.0318037 -0.000760827 0.00502102
0.0168785 0.0298065 0.00088655 0.0048573
0.0293105 0.039283 0.00105235 0.00823501
0.0256742 0.0367435 -0.00111371 0.00629786
0.0306519 0.0400197 0.000514458 0.00913754
0.00968218 0.0225483 0.000268218 0.0038748
0.0338084 0.0421691 -0.000962562 0.00771284
0.0338972 0.0422324 3.32306e-05 0.00614289
0.0195201 0.0319253 -0.00100727 0.00532929
0.0321579 0.0413996 -0.0027891 0.00813079
0.0244204 0.0358093 -0.00171309 0.00679018
0.0364849 0.0437696 -0.00211543 0.00624307
0.0203083 0.0327151 0.00139553 0.00518427
0.0333094 0.0418708 0.000849098 0.0062859
0.0224906 0.0343754 -0.00107358 0.00537744
0.0224667 0.0343848 0.000481356 0.00778807
0.0324768 0.041346 0.000761613 0.00675008
0.0251887 0.0364121 0.000502789 0.00644496
0.0223062 0.0342494 -0.000914405 0.00647172
0.0269181 0.037604 -0.00193621 0.00617376
0.0288106 0.0389167 -0.0020269 0.00853932
0.0342008 0.0422499 0.000596411 0.0080753
0.0320052 0.0410053 0.00173085 0.00660352
0.0182631 0.0309145 6.13868e-05 0.00596342
0.0272334 0.0376017 0.000620699 0.00651148
0.0277057 0.0380926 -0.00073926 0.00845617
0.0218713 0.0339227 -0.000303404 0.00552876
0.0248102 0.0359859 0.00116602 0.00681354
0.026023 0.0369154 0.000237993 0.00594766
0.024667 0.0360204 -0.000516391 0.0057391
0.0187913 0.0314489 0.00134209 0.00467055
0.03529 0.0430944 0.00101079 0.00818476
0.0322523 0.0412065 0.00229037 0.00748443
0.0324421 0.0412852 0.0015592 0.00783124
0.0159009 0.0289115 -0.000543866 0.00557392
0.0168886 0.0296909 -0.000740346 0.00464671
0.024889 0.0359525 -0.000337856 0.00640871

0 0.00148864 0 0.000288779
0.00231563 0.010894 2.36701e-05 0.00172244
0.00180576 0.00948984 8.81927e-05 0.00162174
0.00335086 0.0132631 1.46593e-05 0.00232308
0.00379237 0.0140754 0.000272285 0.00209179
0.00288299 0.012299 8.89883e-05 0.00255785
0.00265374 0.0117865 -7.28137e-05 0.00222111
0.00343333 0.0134321 -0.000145354 0.00261592
0.00289779 0.0123242 6.43758e-05 0.00282107
0.00348293 0.0135038 3.61629e-05 0.00249595
0.0027585 0.012031 2.08248e-05 0.00176245
0.00516701 0.0164939 0.000338498 0.0028713
0.00604151 0.0178022 -3.21393e-05 0.00290452
0.00822351 0.0206958 -0.000163793 0.00308138
0.00899484 0.02183 0.000933987 0.00281186
0.00726458 0.0195567 0.000469814 0.00285053
0.00631572 0.0181398 -0.000155677 0.00334359
0.0148694 0.0277073 0.00159068 0.00554612
0.0166793 0.0293124 0.00123799 0.00425007
0.0169369 0.0297882 0.00132104 0.007549
0.00804684 0.0205284 0.000259804 0.00248642
0.0149304 0.0280247 0.00094059 0.00409013
0.0265217 0.0373616 0.000722515 0.0062068
0.0252523 0.0364382 0.00236623 0.00658051
0.0147148 0.0277414 0.000432074 0.00395379
0.0128754 0.0258967 0.00181355 0.00440936
0.0145838 0.0274576 -0.00131366 0.00374159
0.0241609 0.03566 0.000970525 0.00588631
0.0270944 0.0380658 -0.00270426 0.00730341
0.00907107 0.0217594 0.000187118 0.00536226
0.0160758 0.0290871 0.000291874 0.00644252
0.0170483 0.0299216 0.000869981 0.00439712
0.0162729 0.0292617 -3.36229e-05 0.00477976
0.00472771 0.0154197 -0.000112968 0.00282042
0.0269256 0.0375751 0.00179186 0.00606167
0.00865365 0.0212606 0.000167998 0.00482357
0.0169012 0.0300028 0.00240854 0.00428659
0.0178097 0.0306158 0.00126337 0.00612914
0.0107656 0.023741 -0.000597571 0.00411738
0.0168432 0.0295649 6.77206e-05 0.00446087
0.0138967 0.0269959 -0.00126378 0.00510043
0.0229955 0.0347876 0.000149764 0.00645233
0.0091223 0.0217594 -0.000986256 0.00364794
0.0197841 0.0322615 0.000148298 0.00571464
0.0187035 0.0313717 -1.93069e-06 0.00557555
0.0191827 0.0313677 -0.0015432 0.00617771
0.0112301 0.00223724 -0.00124767 0.000250498
0.0194117 0.0319042 0.00106675 0.00482093
0.0224859 0.0342899 -2.47929e-05 0.00607974
0.0125613 0.0257079 -0.00045834 0.00569246
0.0259913 0.0369791 0.000152435 0.00954605
0.0130939 0.00296995 0.0014549 0.00035275
0.0117925 0.0247293 0.000732316 0.0039392
0.023851 0.0354262 0.000730197 0.00665657
0.0245601 0.0358668 -0.000345184 0.0055698
0.0145054 0.027553 -0.000174557 0.00659138
0.020864 0.0329148 0.000637908 0.00812962
0.0207099 0.0328998 0.00299579 0.00551122
0.00767695 0.020078 -0.000266789 0.00435218
0.021826 0.00180063 -0.00272815 0.000223762

