0 0.00407119 0 0.00187058
0.179588 0.0972183 -0.00234395 0.0176503
0.170068 0.0945962 -0.00244377 0.017087
0.163778 0.0928299 -0.00215099 0.0167916
0.157731 0.0910998 -0.00214729 0.0164317
0.15424 0.0900848 -0.00234654 0.0161897
0.149963 0.0888277 -0.00207093 0.0160139
0.145575 0.0875179 -0.00225302 0.0156722
0.143452 0.0868768 -0.00213292 0.0156565
0.141498 0.086283 -0.00214357 0.0154724
0.135799 0.0845286 -0.00216047 0.0151431
0.133952 0.0839511 -0.00178684 0.0151665
0.13304 0.0836646 -0.00178915 0.0150377
0.131886 0.083302 -0.00109475 0.014856
0.131652 0.0832274 -0.00132428 0.0151713
0.125618 0.0812981 -0.00217007 0.0148268
0.12273 0.0803574 -0.00187536 0.0144802
0.122088 0.0801475 -0.00121091 0.0142305
0.128131 0.0819203 0.000601238 0.0138427
0.112636 0.0769911 -0.00307184 0.0141222
0.109859 0.0760304 0.000152598 0.0152782
0.122227 0.0802084 0.00302618 0.0141997
0.13484 0.0842414 -0.000420004 0.0154205
0.144905 0.0873312 0.00124402 0.0154677
0.151364 0.0890435 5.24169e-05 0.0172442
0.175511 0.0961138 0.00466048 0.0171922
0.163211 0.0926715 -0.00119547 0.0168391
0.20607 0.104145 0.00446107 0.0193739
0.15986 0.0917211 -0.000967503 0.0171901
0.177485 0.0966495 -3.11507e-05 0.017731
0.150578 0.0889762 -0.0107161 0.0178741
0.17321 0.0954804 0.00193152 0.0181441
0.136574 0.0847749 -0.00221343 0.0166741
0.108852 0.0756828 -0.00213927 0.014376
0.158745 0.0914033 0.00102963 0.0160691
0.185652 0.0988455 -0.00207919 0.0175917
0.144623 0.087216 -0.00616098 0.0144222
0.122272 0.0802271 0.00722007 0.0137472
0.151231 0.0892124 -0.00127815 0.0168046
0.144789 0.0872758 -0.00501851 0.0153983
0.18704 0.0992162 0.000405472 0.0180743
0.125831 0.0813751 -0.00134122 0.0147688
0.173748 0.0956252 0.00065879 0.0171622
0.106168 0.0747564 0.0048323 0.0140122
0.159813 0.0917098 0.00129647 0.0157981
0.0996153 0.0724172 0.00403075 0.011516
0.139435 0.0851403 -0.0148014 0.0125334
0.133772 0.0839045 -0.00331749 0.013901
0.146596 0.0874739 -0.0108331 0.0160649
0.102436 0.0734214 -0.00128814 0.014701
0.123412 0.0805962 0.00385203 0.0155167
0.0841297 0.066278 -0.0051289 0.0132636
0.132237 0.0834232 0.00157642 0.0146235
0.166264 0.0935317 -0.00564917 0.0174325
0.144774 0.0872802 -0.00170701 0.013636
0.108658 0.0755889 -0.00679866 0.0143104
0.145414 0.087486 0.00387204 0.0161572
0.129878 0.0826733 0.00116461 0.0157723
0.123765 0.0807 -8.88224e-05 0.0145236
0.0918609 0.0695335 0.00138499 0.0127791

0 0.00206921 0 0.000407581
0.123619 0.0806434 -0.00256227 0.0145913
0.113465 0.0772665 -0.00213283 0.0139511
0.108895 0.0756921 -0.00221925 0.013648
0.103861 0.0739223 -0.00203395 0.0132822
0.100456 0.0726994 -0.00208143 0.0130495
0.098503 0.0719883 -0.00211507 0.0129131
0.0939494 0.0703066 -0.00177062 0.012584
0.0917884 0.0694916 -0.0019228 0.0124316
0.0883503 0.068177 -0.00217295 0.0121816
0.0868294 0.0675889 -0.00157993 0.0121358
0.0888409 0.0682086 -0.00202057 0.0123032
0.0819479 0.0656598 -0.00240318 0.0117753
0.0787004 0.0643442 -0.00234116 0.0118023
0.075765 0.0630166 -0.00334124 0.0114345
0.0806504 0.0649692 -0.00144066 0.0117393
0.083725 0.0662223 -0.000566764 0.0112424
0.0749324 0.0627858 -0.00241981 0.0116286
0.0731148 0.0620262 0.000234221 0.0116205
0.0920286 0.0695975 0.00209093 0.0117265
0.0795066 0.0646858 0.00107425 0.0114384
0.0830809 0.0659588 -0.00147647 0.0126879
0.0618194 0.0570378 -0.000249066 0.00899468
0.0863942 0.067431 0.000673052 0.0116364
0.0554769 0.0540372 0.000544629 0.0085168
0.0577756 0.0549825 0.0013716 0.00985446
0.0266254 0.0374154 -0.000684618 0.00867292
0.0434754 0.0477957 -0.00283312 0.00953756
0.0575593 0.0550462 0.00152322 0.0106203
0.0492326 0.0511453 0.00334428 0.00718977
0.060633 0.0562782 -0.000439757 0.00974912
0.0669218 0.0592892 -0.00489633 0.0106842
0.060298 0.0563301 8.8345e-05 0.0103775
0.0783695 0.0642277 0.00157742 0.0124568
0.073358 0.0621389 0.00169186 0.0115177
0.0518989 0.052222 -0.00268014 0.00752669
0.0541973 0.0529583 -0.00513788 0.00983736
0.0874456 0.0677931 -0.00482913 0.0124
0.080493 0.0650855 0.00325908 0.0117222
0.0831088 0.0661508 0.00596407 0.0108167
0.0627072 0.0574521 0.0013123 0.0140236
0.0407378 0.0463124 0.00158665 0.00838146
0.0728701 0.0619261 0.000870662 0.00969905
0.108092 0.0755224 0.0128587 0.0140316
0.0503162 0.0513741 0.000429181 0.00680877
0.110011 0.076092 0.00276898 0.0191938
0.113142 0.0771883 0.0106318 0.0145017
0.0625426 0.0572058 0.000723216 0.0100411
0.0817087 0.0658191 0.00364666 0.00927737
0.0359225 0.0434785 -0.0013634 0.00754492
0.0709581 0.0611127 0.00204237 0.0110489
0.0848004 0.0667962 -0.00208738 0.0122602
0.114841 0.0777465 0.0023363 0.013823
0.0888982 0.0683975 -0.000632625 0.0139819
0.0857606 0.0671742 0.00361516 0.0121357
0.097502 0.0716151 -0.00437229 0.0151362
0.0443381 0.0481994 -0.000765854 0.00771592
0.0558331 0.0541938 0.00529732 0.0115016
0.0786799 0.0643543 0.00220403 0.0157173
0.0942773 0.0704427 0.000914793 0.0111024

0 0.0020857 0 0.000380449
0.0728 0.0618863 -0.00156439 0.0112043
0.0681573 0.0598832 -0.00132405 0.010707
0.0643176 0.0581719 -0.00120225 0.0105114
0.0615183 0.0568905 -0.00132746 0.0102107
0.0600062 0.0561865 -0.00125464 0.0100977
0.0573874 0.0549479 -0.00108751 0.0098755
0.0570606 0.0547898 -0.00108573 0.00970119
0.054388 0.0534915 -0.0012416 0.00953241
0.0530259 0.0528172 -0.00110568 0.00941913
0.0495322 0.0510495 -0.000910487 0.00923098
0.0513146 0.0518342 -0.00117626 0.00914546
0.0528619 0.0526177 -0.000791978 0.00929633
0.0442222 0.0482349 -0.00117497 0.00840984
0.046905 0.0495254 -0.0018972 0.00856287
0.0465655 0.0495003 0.000741023 0.0087083
0.0563828 0.0542537 -0.0012067 0.0104623
0.0436284 0.0479108 -0.00153603 0.00912013
0.0349171 0.0428327 -0.00235489 0.00791748
0.0373855 0.0441715 -0.00217184 0.00740574
0.0439174 0.0479038 0.000510694 0.00726887
0.0363639 0.0437616 0.003797 0.00848476
0.0744659 0.0626089 0.00352748 0.00956118
0.0996738 0.0724325 0.00239309 0.013505
0.0648845 0.0584364 -0.000107466 0.0125021
0.0651906 0.0368123 -0.0081475 0.00476324
0.080337 0.0650216 0.000674365 0.0123027
0.100225 0.0726279 -3.17132e-05 0.0144222
0.0788169 0.0643941 -0.00175467 0.0101881
0.0838029 0.0659294 -0.00649596 0.0140514
0.0927121 0.0698425 -0.00205486 0.0097981
0.0933598 0.0700804 -0.00458198 0.0145643
0.0528173 0.0527298 0.0065743 0.0104793
0.0638011 0.0577832 -0.00322547 0.00917005
0.101417 0.0730252 -0.00531805 0.0138295
0.0958741 0.0710404 0.0059386 0.0124736
0.0744635 0.0625946 -0.000961139 0.00903381
0.0858878 0.0672221 -0.00216997 0.0103144
0.114245 0.0775417 0.000504186 0.0127207
0.0623075 0.0571185 0.000178388 0.00936835
0.0981558 0.071812 -0.00802787 0.0132937
0.0443584 0.0482962 -0.00204547 0.00813562
0.0841064 0.0665217 -0.00350712 0.0136961
0.0696787 0.060544 -0.00176291 0.010108
0.0837427 0.0663908 0.00107653 0.0136111
0.097731 0.0716925 -0.00424058 0.0128772
0.0712686 0.0612474 0.0011448 0.00998875
0.0835607 0.0663072 -0.00197058 0.0119415
0.0782605 0.0641713 -0.000302419 0.0105635
0.0547467 0.0536797 0.000493297 0.0098903
0.0786467 0.0643412 0.00396764 0.0100088
0.0939383 0.0703025 -0.0034103 0.0153476
0.152287 0.0895352 0.0045977 0.0148234
0.0822031 0.0656117 -5.54171e-05 0.0125042
0.0881783 0.0677608 0.00634986 0.0110425
0.0920337 0.0691889 -0.0083342 0.0142585
0.0814367 0.065467 -0.00148873 0.0128374
0.0584666 0.0554688 -0.000696091 0.00863949
0.093129 0.0700402 0.00703655 0.00949911
0.0831015 0.00177597 -0.00923353 0.000182097

0 0.000326175 0 4.79888e-05
0.0475058 0.0491993 -0.000938057 0.00875105
0.0453767 0.0488596 -0.000820262 0.00881714
0.0419372 0.0469734 -0.000681051 0.0084063
0.0411942 0.046553 -0.000807407 0.00847146
0.0397211 0.0457135 -0.00077893 0.00826804
0.0394959 0.0455833 -0.000711476 0.00830903
0.0380725 0.0447553 -0.000653787 0.00806873
0.0377983 0.0445937 -0.000542274 0.00797172
0.0347367 0.0427505 -0.000620251 0.00770673
0.0337957 0.042164 -0.000868648 0.00763034
0.0321807 0.0410958 -0.00137451 0.00772762
0.0351063 0.0428523 -0.00089016 0.00746458
0.0316987 0.0408369 -0.0007237 0.00713055
0.0297779 0.0394939 -0.00133837 0.00711948
0.0331026 0.0416176 -0.000242489 0.00708577
0.0305227 0.0400747 -0.00030114 0.00663162
0.0307635 0.0400682 -0.00225328 0.00764611
0.0348061 0.0426494 -0.000764921 0.00841296
0.039348 0.0455058 0.00261094 0.00680088
0.0415841 0.0466661 0.000229368 0.00718022
0.0428423 0.0473644 -0.000703175 0.00799659
0.0298762 0.0396581 0.000682666 0.00691604
0.0204472 0.0326468 0.000415486 0.00592476
0.057917 0.0550581 0.00343201 0.0111491
0.023133 0.0349224 0.00191444 0.00475254
0.0417487 0.0468482 -0.00162871 0.00805983
0.041184 0.00650759 -0.00457611 0.000713234
0.0767844 0.063514 -0.00502281 0.0120076
0.0328442 0.0417412 0.00416308 0.00729555
0.0471235 0.0497581 -0.00292931 0.00957666
0.041579 0.0467817 0.00158813 0.00796629
0.0589203 0.0556887 0.00238354 0.0112578
0.0552312 0.0539022 -0.00112792 0.0110181
0.0715363 0.0611001 -0.00722606 0.0101847
0.0776329 0.063689 0.00184188 0.00939923
0.0631945 0.0576738 0.00159954 0.00888735
0.0456244 0.049007 0.000885895 0.00751208
0.0484686 0.0503718 -0.00106563 0.00890414
0.0881533 0.0677126 0.00708972 0.0107143
0.061491 0.0568942 0.00410153 0.0102893
0.0859361 0.0672347 -0.00290767 0.0117149
0.0571133 0.0548146 -0.00124643 0.00816914
0.0869678 0.0676498 -0.000701712 0.0136429
0.0939093 0.0701172 0.000798114 0.0120466
0.0701155 0.0607469 0.000191565 0.009984
0.045187 0.0487663 -6.88439e-05 0.0102305
0.0679481 0.0597872 -0.00176888 0.0100381
0.0179808 0.0307631 -0.00513776 0.00913417
0.0481627 0.0500059 0.00186704 0.00853937
0.0381302 0.0157502 -0.00476852 0.00185945
0.0411914 0.0465482 0.000518657 0.0083368
0.055229 0.0538828 -0.0022787 0.0083289
0.0706918 0.0609578 -0.00400105 0.0107758
0.112012 0.0767855 0.00404436 0.0142607
0.0281576 0.0384329 -0.00163338 0.00579433
0.0540833 0.0534288 0.00526903 0.00785968
0.0665776 0.0592215 0.00557674 0.00744054
0.0981152 0.0718207 -0.00666286 0.0136568
0.0489104 0.0505783 0.00334859 0.0111363

0 0.00175707 0 0.000378821
0.0246702 0.0360289 -0.000390611 0.00651039
0.0231 0.0348617 -0.000359835 0.00626099
0.0222977 0.0342512 -0.000260575 0.00613438
0.0215006 0.0336315 -0.000426776 0.00601988
0.0202008 0.0325978 -0.000513709 0.00584962
0.0213802 0.0334608 -0.000178615 0.00580016
0.0190412 0.0316498 -0.000440654 0.00573779
0.0182651 0.0309977 -0.000354741 0.00552603
0.0180553 0.0307733 -0.000639 0.00584283
0.0164917 0.0294607 0.000291577 0.00502765
0.018577 0.0311757 2.43132e-05 0.00550295
0.0156116 0.0286634 5.91496e-05 0.00493677
0.0163569 0.0292642 -0.000220032 0.00501713
0.0197782 0.0321206 0.0006619 0.00593156
0.0198835 0.0323443 -6.54205e-05 0.00624653
0.0198414 0.0322588 -0.00051695 0.00603248
0.0208239 0.0330235 2.0518e-05 0.00746548
0.0241355 0.0355227 0.00015361 0.00639392
0.0201776 0.0325851 -0.000147824 0.00932387
0.031272 0.0405681 0.00013448 0.0072878
0.0410646 0.0466237 0.00387266 0.0078041
0.0365358 0.0438538 0.000901144 0.0088918
0.0233417 0.0350587 0.00167981 0.00571113
0.0710423 0.0611674 0.00471683 0.0118389
0.0516298 0.0521357 0.00168086 0.0089476
0.042107 0.0470788 0.00127872 0.00990538
0.0388771 0.0452218 -0.000828079 0.00819273
0.0553898 0.0540022 0.00171291 0.00777996
0.0661566 0.0588014 0.000400775 0.0126519
0.0607982 0.0565633 0.000394239 0.0209815
0.0476925 0.0501003 0.00211194 0.00743836
0.0950921 0.0707535 0.00341248 0.0115469
0.0883583 0.068181 -0.00126686 0.0107048
0.0476382 0.0500685 0.00285595 0.00801639
0.0606184 0.0564902 0.00209841 0.0110058
0.0581557 0.0556207 0.0029999 0.0107114
0.07076 0.0610313 0.00182305 0.0114821
0.0529134 0.0527474 -0.00237987 0.0122095
0.0372063 0.0442342 -0.00152323 0.00951965
0.034012 0.0422417 0.00159617 0.00607757
0.0585843 0.0550945 -0.00536205 0.0073673
0.097063 0.0714877 0.00956047 0.014711
0.100471 0.0726827 -0.00485098 0.0119288
0.0598311 0.05613 0.00430538 0.00766863
0.0644333 0.0580845 -0.000132551 0.0092761
0.0277354 0.00128612 -0.00308171 0.000142761
0.0493256 0.0509424 -3.68446e-06 0.0074781
0.0320052 0.0391636 0.00760626 0.00984464
0.0725333 0.0614736 -0.00128265 0.00898745
0.0619808 0.0571084 -0.000597986 0.0125307
0.080647 0.0651486 -6.9176e-05 0.0112347
0.0509631 0.0518062 0.00339639 0.00688531
0.0450614 0.048705 0.00161301 0.0101632
0.0921857 0.0696406 -0.00471945 0.0131341
0.0566284 0.0545909 -0.000289833 0.00816888
0.0505024 0.0515774 0.00357954 0.00792562
0.0554407 0.0538698 0.000236729 0.0104803
0.0916128 0.0694358 0.00110563 0.013281
0.0709072 0.0610873 0.00247144 0.0100877

0 0.00194274 0 0.000362737
0.00212029 0.0103973 9.34247e-05 0.00158295
0.00246874 0.0113967 0.000188812 0.00211538
0.00305826 0.0126573 0.000134291 0.00205301
0.00311524 0.0127757 -0.000110177 0.00199725
0.00339104 0.0133323 -2.76629e-05 0.00230728
0.00312297 0.0127748 -3.99093e-05 0.0023133
0.0022287 0.0105444 1.44274e-05 0.00192365
0.0047076 0.0156504 0.000192367 0.002395
0.00296227 0.0120731 7.63784e-06 0.00212318
0.00495473 0.0160987 0.000167674 0.00295429
0.00540561 0.0167699 5.87046e-05 0.00319497
0.00410864 0.0147057 0.000174078 0.0022727
0.00866387 0.0212255 0.000678396 0.00319592
0.00526348 0.0166452 0.000264394 0.002602
0.00666519 0.0187812 0.00072923 0.00287517
0.00551855 0.0170255 -0.000383051 0.00337263
0.00919393 0.00162207 -0.00131333 0.000232612
0.0123408 0.0254586 0.00018706 0.00493751
0.0125508 0.0254611 0.000454697 0.00521215
0.0188749 0.0312801 0.000751356 0.00657683
0.0123363 0.025403 -0.000361354 0.00409032
0.0235336 0.0351931 0.000683149 0.00560016
0.0295488 0.0392784 -0.00010392 0.00658889
0.0183971 0.0310032 0.000432424 0.00800333
0.0336541 0.0418397 0.00221613 0.00853274
0.0172801 0.0296877 -0.00166394 0.0040758
0.0327223 0.0414704 -0.00252072 0.00633899
0.0329156 0.04162 0.000811793 0.0100007
0.0285899 0.0387899 0.000204552 0.00708784
0.0239776 0.00688422 0.00399625 0.00126391
0.0427675 0.0470413 0.00208568 0.00975819
0.0287153 0.00115799 -0.00358942 0.000145061
0.0444975 0.0481214 -0.00388348 0.0115604
0.0552515 0.0539003 -0.00251564 0.0126655
0.063265 0.70711 0.00702941 0.707107
0.0570822 0.0548227 0.00384537 0.0118387
0.0247713 0.0360824 -0.00043835 0.00861815
0.0346619 0.0425007 0.00235004 0.00895223
0.0504888 0.0515437 -0.000409351 0.00851862
0.0533961 0.0530278 0.00437227 0.0102671
0.0346153 0.0424946 0.000675898 0.00752001
0.0475919 0.050002 -0.00228252 0.00722541
0.0480312 0.0500237 -0.00455467 0.00752793
0.0247525 0.036007 0.000813639 0.00535743
0.0311547 0.0403282 0.000258987 0.00976581
0.0726917 0.0618512 -0.00185952 0.00988141
0.0748036 0.0626042 -0.000398044 0.0119967
0.0648626 0.0584216 -0.00416916 0.0112366
0.0727196 0.0618729 0.00389144 0.0192053
0.0455668 0.0489821 0.00340026 0.0065064
0.0724015 0.0617404 0.00222569 0.00893186
0.0417949 0.0467635 -0.000319058 0.00910601
0.028737 0.0389143 0.00217762 0.00685897
0.0612094 0.0566587 -0.00544685 0.0105514
0.0796373 0.064739 -0.000188272 0.0121167
0.0288309 0.0390378 0.00309264 0.00442421
0.0489628 0.0507975 0.00535262 0.00681253
0.0484485 0.0505177 0.00455054 0.012177
0.0709255 0.061105 0.00456314 0.0087501

