0 0.00407119 0 0.00187058
0.180062 0.0973461 -0.00253986 0.0176834
0.172103 0.0951604 -0.00222379 0.0172028
0.168715 0.0942178 -0.00218715 0.0170283
0.164855 0.0931341 -0.00208497 0.0168203
0.164435 0.0930139 -0.00218816 0.0167923
0.160298 0.0918382 -0.00186124 0.0166331
0.163119 0.0926396 -0.00211966 0.0166133
0.160581 0.0919182 -0.00199854 0.0166066
0.158993 0.0914622 -0.00216903 0.0165635
0.156024 0.0906044 -0.00215601 0.0165195
0.159332 0.0913634 -0.00197781 0.0164202
0.155881 0.0905632 -0.00192487 0.016374
0.153829 0.0899652 -0.00167524 0.0162549
0.154439 0.0901422 -0.00183994 0.0163195
0.153201 0.0897813 -0.00168317 0.0162373
0.152952 0.0897071 -0.00210569 0.0161166
0.151327 0.0892302 -0.00187123 0.0160416
0.151388 0.0892475 -0.00190555 0.0161172
0.149081 0.0885664 -0.00140636 0.0159424
0.149239 0.088612 -0.00166134 0.0159781
0.149606 0.0887209 -0.00168108 0.0159883
0.149063 0.0885593 -0.0021282 0.0159069
0.149891 0.0888044 -0.00203554 0.01597
0.149198 0.0886006 -0.00137421 0.0159434
0.148518 0.0883983 -0.00145343 0.0159522
0.146767 0.087876 -0.00149512 0.015881
0.147409 0.0880672 -0.00150038 0.0157484
0.145696 0.0875544 -0.00174633 0.0157703
0.147329 0.0880432 -0.00119953 0.0158283
0.143179 0.086796 -0.00142946 0.0154914
0.144057 0.0870592 -0.00195956 0.0157314
0.145075 0.0873676 -0.00113801 0.0157051
0.14436 0.0871525 -0.00123874 0.0157214
0.143324 0.0868382 -0.00182337 0.0157199
0.141912 0.0864099 -0.00159259 0.0155938
0.143323 0.0868373 -0.00173632 0.0156463
0.141591 0.0863125 -0.00149416 0.0155841
0.139562 0.0856917 -0.0016201 0.0154775
0.141072 0.0861533 -0.0013044 0.0155669
0.139535 0.0856837 -0.00133799 0.0155086
0.138974 0.0855112 -0.00125074 0.0153802
0.137839 0.0851603 -0.001757 0.0154101
0.139769 0.0857539 -0.0015241 0.0155799
0.136503 0.0847485 -0.00106382 0.0153907
0.135256 0.0843582 -0.00198004 0.0151543
0.136696 0.0848055 -0.00185236 0.0152778
0.138372 0.0853239 -0.00168176 0.0153883
0.136841 0.0848523 -0.00153669 0.0152751
0.137668 0.0851073 -0.00142324 0.015309
0.135523 0.0844425 -0.00168494 0.0152332
0.13714 0.0849426 -0.00203198 0.0153538
0.133104 0.0836854 -0.00208033 0.0151418
0.134059 0.0839841 -0.00147621 0.0153084
0.134192 0.0840263 -0.00137935 0.0151767
0.135926 0.0845671 -0.00118389 0.0151836
0.134875 0.0842397 -0.00171578 0.0152508
0.13583 0.0845371 -0.00158464 0.015341
0.138443 0.0853461 -0.00131294 0.0155753
0.139123 0.0855575 -0.000459734 0.0153641

0 0.00229615 0 0.000447075
0.125547 0.0812786 -0.00265035 0.0146159
0.113797 0.07738 -0.00218379 0.0139472
0.113698 0.0773419 -0.00220837 0.0139539
0.110143 0.0761248 -0.00197212 0.0137971
0.106176 0.0747419 -0.00184823 0.0134896
0.10778 0.0751408 -0.00184102 0.0135559
0.105236 0.0744087 -0.00202215 0.0134036
0.10112 0.0729395 -0.00212533 0.0132587
0.103237 0.0735412 -0.00143497 0.0131137
0.102618 0.0734768 -0.00194215 0.0131519
0.101484 0.0730712 -0.00156129 0.0131917
0.100826 0.0728326 -0.00183349 0.0132112
0.0990804 0.0721994 -0.00198907 0.0128601
0.0997497 0.0724429 -0.00160902 0.0130323
0.0973062 0.071552 -0.00142671 0.013043
0.0963214 0.0711866 -0.00195832 0.0127871
0.0963619 0.0712025 -0.00149302 0.012797
0.0956282 0.0709322 -0.00114513 0.0129134
0.0950492 0.0707157 -0.00163125 0.0127793
0.0917126 0.0694646 -0.0015715 0.0124941
0.0920003 0.0695714 -0.00169891 0.0126064
0.0957976 0.0708294 -0.00148209 0.0126872
0.0935106 0.0701419 -0.0014935 0.012626
0.0946894 0.0705816 -0.00137016 0.0127024
0.0942546 0.0704197 -0.00153292 0.0127282
0.0940487 0.0703435 -0.00121423 0.0126874
0.0923009 0.0696867 -0.00149385 0.0125997
0.0920564 0.0695943 -0.00124778 0.0126252
0.089299 0.0685441 -0.00157748 0.0123646
0.0889984 0.068428 -0.0013972 0.0123723
0.0902738 0.0689164 -0.00121269 0.0123692
0.0888105 0.0683562 -0.00141622 0.0121611
0.0890635 0.0684521 -0.00159118 0.0121914
0.0875711 0.0678781 -0.00122942 0.0122219
0.0873874 0.067806 -0.00130619 0.0123059
0.0870549 0.0676768 -0.00135447 0.0121605
0.0873923 0.0678062 -0.00171649 0.0121116
0.0854083 0.0670347 -0.00128424 0.0122214
0.084777 0.0667858 -0.00123983 0.0120032
0.083768 0.0663864 -0.00153045 0.012026
0.0859979 0.0671157 -0.00128335 0.012146
0.0869977 0.0675068 -0.00160837 0.0121416
0.0848432 0.0668134 -0.000895811 0.0120552
0.0865928 0.0673436 -0.00174799 0.0121582
0.084444 0.0666546 -0.00140699 0.0119702
0.0848054 0.066795 -0.00166754 0.011975
0.0833883 0.0662369 -0.00122279 0.0118532
0.0850715 0.0667582 -0.00124786 0.0120521
0.082315 0.0658085 -0.00161423 0.0119915
0.0827845 0.0659959 -0.00114615 0.0118877
0.0829887 0.0660776 -0.00109602 0.011794
0.0817423 0.065581 -0.000813024 0.0117803
0.0825162 0.065889 -0.00105324 0.0118914
0.0803557 0.065021 -0.0013901 0.0116494
0.0842892 0.0664376 -0.001153 0.0119117
0.0810259 0.0652939 -0.000756187 0.0117466
0.081576 0.0653692 -0.00171622 0.0116794
0.0809318 0.065253 -0.00131919 0.0117618
0.0812244 0.0652282 -0.00196639 0.0117286

0 0.00200484 0 0.000390607
0.0707401 0.0610038 -0.00103551 0.0109955
0.0700948 0.060726 -0.00145986 0.0109292
0.0647942 0.0583864 -0.00147637 0.010473
0.0682031 0.0597514 -0.00147168 0.0107422
0.0654932 0.0587019 -0.00083724 0.0106886
0.06442 0.0582161 -0.00131582 0.0103804
0.062276 0.0572399 -0.00124367 0.0103041
0.063164 0.0575237 -0.00106478 0.0103482
0.0598227 0.0561023 -0.00106088 0.010204
0.0605798 0.0564546 -0.000931731 0.0103046
0.0597959 0.0560888 -0.000992025 0.0102212
0.0630238 0.0574484 -0.000700525 0.010158
0.0589213 0.0556777 -0.00117356 0.00989225
0.0609424 0.0564961 -0.00101961 0.0101975
0.0569127 0.0547198 -0.00124223 0.0096681
0.0558643 0.0542113 -0.00132651 0.00968048
0.0556268 0.0540963 -0.00119816 0.00972277
0.0564532 0.0543778 -0.00118484 0.00972356
0.0563127 0.0544303 -0.000855134 0.0096929
0.0585113 0.055352 -0.00111445 0.00998563
0.0571083 0.0548131 -0.00109219 0.00975076
0.0576563 0.0549581 -0.001164 0.00963568
0.0558774 0.05422 -0.000938106 0.00956991
0.0545726 0.0535842 -0.000665396 0.00936651
0.056777 0.0545241 -0.00112353 0.00976255
0.0543153 0.0534581 -0.000714596 0.00952348
0.0557852 0.0540499 -0.00119353 0.00960346
0.0529043 0.0527572 -0.00114594 0.00947634
0.0552519 0.0537907 -0.000819344 0.00971344
0.0551322 0.0538565 -0.000903232 0.0097597
0.0540166 0.0533098 -0.000812945 0.00941289
0.0540439 0.0533232 -0.000693636 0.00968253
0.0554837 0.0539089 -0.000903473 0.00967845
0.0545483 0.0535705 -0.00100829 0.00970545
0.0540395 0.0533229 -0.000259037 0.00948679
0.0553325 0.0538368 -0.000932883 0.00972979
0.05202 0.052317 -0.000658589 0.0093479
0.0569493 0.0545944 -0.000556528 0.00970919
0.0531912 0.0529045 -0.000211599 0.00944507
0.0522167 0.0524126 -0.00104673 0.00925467
0.055472 0.0538949 -0.000479009 0.00971564
0.0505531 0.0515731 -0.000988576 0.00926322
0.0531565 0.0527543 -0.000962218 0.00945126
0.054051 0.0533269 -0.000462396 0.00960621
0.0528047 0.0527081 -0.000886771 0.00952752
0.0515962 0.0521027 -0.000601653 0.00952152
0.0523422 0.0523641 -0.000899596 0.00927785
0.0504875 0.051538 -0.0010082 0.0093347
0.0513681 0.0518729 -0.000951282 0.00932223
0.0500676 0.051325 -0.000569064 0.00922412
0.0506946 0.0516451 -0.000373861 0.00916989
0.0491642 0.0508619 -8.31728e-05 0.00909215
0.0500998 0.0512302 -0.000787416 0.00930348
0.0516119 0.0519909 -0.000826778 0.00927993
0.0498211 0.0512012 0.000140665 0.00897411
0.0503259 0.0514555 -0.000726689 0.00919356
0.0484007 0.050463 -0.000714676 0.00893295
0.0458949 0.0491378 -0.00103705 0.00899199
0.0477522 0.0500093 -0.000609022 0.00883932

0 0.00175595 0 0.000339198
0.0487115 0.0506255 -0.000788097 0.00927979
0.0458186 0.0491012 -0.00019919 0.00892165
0.041579 0.0467712 -0.000924931 0.00839621
0.0416741 0.0467206 -0.00120711 0.00826043
0.0403157 0.0460532 -0.000878196 0.00795094
0.0411319 0.0464166 -0.000853262 0.00849001
0.0428939 0.047388 -0.000943958 0.0086165
0.0429019 0.047401 -0.00104774 0.00866607
0.0392951 0.0454702 -0.000552269 0.00833431
0.0384232 0.0449575 -0.00107833 0.008147
0.0402516 0.0459045 -0.000943397 0.0082616
0.0400469 0.0459004 -0.000646873 0.0082581
0.0370497 0.0441509 -0.000655255 0.00794519
0.039747 0.0456091 -0.000751911 0.00817484
0.037932 0.0446741 -0.00044697 0.00803344
0.0375711 0.0444599 -0.000498658 0.00795673
0.0373573 0.044331 -0.000782054 0.00790999
0.0381783 0.0447172 -0.000799342 0.00790196
0.0378132 0.0446013 -0.000742109 0.0082545
0.0388683 0.0451171 -0.000747335 0.00793546
0.0370515 0.0441529 -0.000355045 0.00782245
0.0384143 0.0448515 -0.000590137 0.00775778
0.0384755 0.0448933 -0.000753566 0.00809208
0.0342523 0.0424512 -0.000718725 0.00767831
0.0376878 0.0444031 -0.000721524 0.00823881
0.0362798 0.043689 -0.000595212 0.00793231
0.035948 0.0434898 -0.000303237 0.00764438
0.0366107 0.0437854 -0.000954493 0.00804218
0.0373229 0.0442164 -0.000609578 0.00788279
0.0372571 0.0442719 -0.000702681 0.00798477
0.0365575 0.0438554 -0.00060781 0.00791771
0.0362251 0.0436559 -0.000523004 0.00790542
0.0371842 0.0441342 -0.000574541 0.00791705
0.0353301 0.0431137 -0.000586819 0.00779842
0.035395 0.0431551 -1.38502e-05 0.00764402
0.034312 0.0424824 -0.0011003 0.00765694
0.0368162 0.0439051 -8.96124e-05 0.00796237
0.0369069 0.0440653 -0.000386338 0.00810023
0.0355861 0.0432675 -0.000791727 0.00752506
0.0344 0.0425402 -0.00077346 0.00755725
0.0363569 0.0436334 -0.000334563 0.00765878
0.0342865 0.0424706 -0.000766749 0.00761926
0.0362986 0.0435931 -0.000526475 0.00792761
0.0326975 0.0414733 -0.000990948 0.007461
0.0319509 0.0409983 -0.000642414 0.00738734
0.0347361 0.0426407 -0.000308455 0.00764468
0.0328218 0.0415548 -0.000563191 0.00743699
0.0351112 0.0428601 -0.000939654 0.00772614
0.0343774 0.0425282 -0.000465812 0.00757809
0.034293 0.0424747 -0.000600107 0.00756155
0.0335497 0.042012 -0.000616732 0.00741457
0.0338716 0.0422133 -0.00048449 0.007553
0.0350109 0.0428172 -0.000624103 0.00774864
0.0323208 0.0412387 -0.000289206 0.00720436
0.0362158 0.0435296 0.000182806 0.00775984
0.0322389 0.0411866 -0.000372326 0.00739837
0.0330959 0.0416334 -0.000691912 0.00716773
0.0307845 0.0402428 -0.000789781 0.00745469
0.0307593 0.0401376 -0.000844062 0.00751353

0 0.00157167 0 0.000312438
0.0246818 0.035949 -0.000536478 0.00653579
0.0241187 0.0356216 -0.000339719 0.00661901
0.0241838 0.0355908 -0.000519038 0.00660543
0.0221993 0.0341776 -0.000113148 0.00666063
0.0224977 0.0344034 -0.000260176 0.00613695
0.0203366 0.0327047 -0.000719012 0.00593122
0.0205719 0.0329003 4.33099e-05 0.0058026
0.0197655 0.0322501 5.50777e-05 0.0058346
0.0193998 0.031948 -0.000197048 0.00598526
0.0219227 0.0338656 -8.37883e-05 0.00623867
0.0206354 0.032951 -0.000128614 0.00590375
0.0214491 0.0335181 -5.41097e-05 0.0057839
0.0188562 0.0314951 -0.000478532 0.00562693
0.022384 0.034187 -0.000607753 0.00629901
0.0197982 0.0322755 -0.000228128 0.00566957
0.0214369 0.0335002 8.27112e-05 0.00586616
0.0197317 0.0322217 -0.00013698 0.00583865
0.0212894 0.0333825 -0.000283195 0.00571598
0.0192387 0.0318178 -1.64633e-05 0.00580056
0.0196781 0.0320932 -0.000635879 0.00562823
0.0194245 0.0319687 -0.000133449 0.00582471
0.0182409 0.0309813 -1.09928e-05 0.00549775
0.0194178 0.0318844 -0.000282223 0.00565003
0.0198547 0.0322515 -1.5505e-05 0.00573314
0.0189858 0.031604 -0.000321248 0.00560799
0.0175019 0.0303466 -0.000102335 0.00520681
0.0169281 0.0298443 -9.76674e-05 0.00529825
0.0199287 0.03227 -0.000350636 0.00595554
0.0187515 0.031403 -0.000638146 0.00550017
0.018293 0.0310262 0.000204575 0.0057078
0.017694 0.0305117 -0.000140147 0.00582741
0.0164323 0.0294035 -0.000210203 0.00557668
0.019139 0.0316333 -0.00011779 0.00563767
0.0188163 0.0314624 -0.000306082 0.00569684
0.0187714 0.0314255 -0.000225373 0.00557033
0.018521 0.0311432 -0.000558579 0.00593075
0.0182265 0.0309673 -0.000106291 0.00527179
0.0172334 0.0301139 4.92509e-05 0.0055057
0.0171713 0.0300543 -0.000327401 0.00522529
0.0185133 0.0311309 -0.000178445 0.00542099
0.017252 0.03013 4.61744e-06 0.00546989
0.0179118 0.0306198 -0.000469632 0.00544376
0.0176837 0.0305044 0.000121525 0.00548355
0.0191814 0.031687 -0.00019392 0.00579313
0.0161911 0.0291903 3.44593e-05 0.00545988
0.0156927 0.028731 -0.000376731 0.00543762
0.0154121 0.0284741 -0.000274776 0.00522658
0.0172574 0.0300458 -0.000245181 0.00525103
0.0186624 0.0312535 -0.000253194 0.00561429
0.0159264 0.0289531 0.000452693 0.00529951
0.0159306 0.0289508 -0.000121287 0.00541332
0.0169941 0.0298264 -0.000189209 0.00507202
0.0163427 0.0293199 -0.000378892 0.00544667
0.0170093 0.029847 -0.000100825 0.00525664
0.0184899 0.0311106 -3.97566e-05 0.00541722
0.0157035 0.028749 0.000272163 0.00503932
0.0169506 0.0297509 0.000741093 0.00500642
0.0173648 0.0301596 0.000278892 0.00562282
0.0166225 0.0295729 -0.000172826 0.00517274

0 0.00135056 0 0.000259528
0.00310967 0.012586 -9.28473e-05 0.00244155
0.00376885 0.014015 -0.000155254 0.00246768
0.00365852 0.0138406 0.000310729 0.00228468
0.00328212 0.0130932 -5.15798e-05 0.00287233
0.00340866 0.0133711 1.07915e-05 0.00250505
0.00278564 0.0120842 -2.86345e-05 0.00170766
0.0049042 0.0160206 9.68588e-05 0.00251698
0.00239547 0.0110012 0.000142507 0.00231272
0.00348236 0.0134177 -0.000187767 0.00212379
0.00254147 0.0115668 0.000222759 0.00180076
0.00257609 0.0116147 1.49931e-05 0.00183492
0.00262909 0.011777 0.000285375 0.00206654
0.00311506 0.0127731 0.000147947 0.00178604
0.00328366 0.0131254 8.07337e-05 0.00220296
0.00245891 0.0109198 0.000168781 0.00236057
0.00345544 0.013419 9.59713e-05 0.00197087
0.00431706 0.0150751 0.000326098 0.00257973
0.00181223 0.00946298 9.67201e-05 0.00239924
0.00347429 0.0135206 0.000149722 0.0021553
0.00287377 0.0122741 8.31592e-05 0.00195196
0.00300034 0.0125421 -8.29494e-05 0.00195238
0.00225332 0.0105577 -6.95715e-05 0.00179448
0.00290765 0.0123322 0.000162558 0.00206645
0.00484371 0.0159237 0.000189068 0.00262197
0.00346059 0.0134859 0.000225094 0.00216153
0.00303086 0.0125959 -5.72677e-07 0.00221007
0.00480213 0.0158677 0.000277147 0.00223453
0.00340924 0.0133425 -0.000164294 0.00218558
0.00221628 0.0105259 -7.12067e-05 0.00169829
0.00235455 0.0110802 -0.000140482 0.00239509
0.00318692 0.0129484 0.000221572 0.00219453
0.0031355 0.0128315 0.000132021 0.00231104
0.00235489 0.0111006 -0.000142582 0.00213487
0.00423364 0.0148811 0.000272996 0.00240162
0.00429706 0.0149887 -8.0063e-05 0.00250347
0.00303611 0.0126192 0.000138668 0.00203545
0.0027289 0.0119493 0.00017042 0.0021478
0.00282204 0.0121391 -0.000185646 0.00184651
0.00566905 0.0171827 -8.60854e-05 0.00362176
0.00306733 0.0123302 -8.18494e-05 0.00210794
0.00281251 0.0121744 0.000167936 0.00191919
0.0041133 0.0147154 0.000244498 0.00256022
0.00421002 0.0148241 0.000404315 0.00242146
0.00332205 0.0131796 -0.000113013 0.00290676
0.00334156 0.0131793 0.000296017 0.00158903
0.00249673 0.0110169 0.00010412 0.00158237
0.00313594 0.01281 -2.8441e-05 0.00236885
0.00366672 0.0138621 0.000135546 0.00198178
0.0032852 0.0130952 -7.32563e-05 0.00221059
0.00315843 0.0128385 -4.67715e-05 0.00204139
0.00316651 0.0128935 1.54943e-05 0.00195085
0.00395417 0.0143683 7.40237e-05 0.00246614
0.00433749 0.0150531 -1.65146e-05 0.00311848
0.00418414 0.0148039 2.69237e-05 0.00269713
0.0034484 0.0134624 0.000172886 0.00253797
0.0043299 0.0150179 -6.12157e-05 0.00273651
0.00384101 0.0141933 -4.44582e-05 0.00237852
0.005486 0.0169909 0.00032676 0.00384432
0.00535279 0.0166985 -0.000195 0.00286934

