0 0.00407119 0 0.00187058
0.179947 0.0973153 -0.00237304 0.0176232
0.169533 0.0944476 -0.00242508 0.0170398
0.16351 0.092754 -0.00208369 0.0167383
0.157859 0.0911366 -0.00225809 0.0163921
0.153259 0.0897982 -0.00232829 0.0161928
0.150378 0.0889497 -0.00227611 0.0160157
0.14664 0.0878375 -0.00221277 0.0158095
0.143981 0.087038 -0.00172512 0.0156665
0.140292 0.0859149 -0.00229698 0.0155596
0.138537 0.0853764 -0.00154244 0.0152162
0.137055 0.0849169 -0.00230351 0.0153616
0.134837 0.0842278 -0.00200664 0.0152558
0.135137 0.084322 -0.00126049 0.0151535
0.141266 0.0860184 -0.000960291 0.015197
0.133446 0.0837936 -0.00206348 0.0150899
0.14146 0.0860693 -0.000760736 0.0155798
0.138618 0.0854034 -0.00029636 0.0153808
0.142192 0.0863064 -0.00157547 0.015287
0.136303 0.0846852 -0.00213824 0.0152512
0.139971 0.0856352 -0.000674138 0.0156898
0.155211 0.090379 -0.00224145 0.0161263
0.155968 0.0905879 -0.00142236 0.0161896
0.13593 0.0845717 -0.00297695 0.0153637
0.14336 0.0866496 -0.000539883 0.0156485
0.145676 0.0875495 0.000645743 0.0159303
0.140326 0.085923 -0.00333582 0.0154153
0.130435 0.082852 -0.00447677 0.0146671
0.138398 0.0853419 -0.00305577 0.0151236
0.140641 0.0858363 -0.00237316 0.0155284
0.144458 0.0869931 -0.000962069 0.015071
0.141612 0.0863168 -0.00260888 0.0157268
0.145001 0.0871549 -0.0021172 0.0157284
0.139106 0.08555 -0.00292096 0.0156952
0.134547 0.0841421 0.00106667 0.0148168
0.13927 0.0854073 -0.00215539 0.0155797
0.144764 0.0870744 -0.0014695 0.0156107
0.154013 0.0900303 -0.00177652 0.0158098
0.134391 0.0840909 -0.00313468 0.0150771
0.142183 0.0862916 -0.000240449 0.0154307
0.128546 0.0822455 -0.000361372 0.0149416
0.132328 0.0832508 -0.00195909 0.0155128
0.132946 0.0836339 -0.00177203 0.0150278
0.145681 0.0875614 -0.00148895 0.0158489
0.124064 0.0807973 -0.00238748 0.0150796
0.132398 0.0832594 -0.00135446 0.0154036
0.140853 0.0860978 -0.00183539 0.015647
0.132 0.0833417 -0.000538578 0.0151663
0.120627 0.0796693 -0.00174057 0.0148343
0.138225 0.0852886 -0.0026397 0.0149478
0.118206 0.0788674 -0.00181148 0.014222
0.130779 0.0829583 -0.00393873 0.0153714
0.125888 0.0813784 -0.00405098 0.014172
0.119832 0.0794056 -0.00120479 0.0142076
0.139365 0.0856419 -0.00121766 0.0151264
0.129688 0.0826097 0.000219596 0.0147912
0.127883 0.0818511 -0.00386439 0.0146095
0.124461 0.0809195 -0.00282961 0.014451
0.124464 0.0809251 -0.000251666 0.0146049
0.113245 0.0771877 -0.00349211 0.0145773

0 0.00217924 0 0.000435136
0.124184 0.0808334 -0.00246087 0.014601
0.115065 0.0778091 -0.00210672 0.0140288
0.108011 0.0753852 -0.00216382 0.0135408
0.103584 0.0738242 -0.0018351 0.0133799
0.100279 0.0726351 -0.00215546 0.013024
0.0977774 0.0717234 -0.00196611 0.0128653
0.0967426 0.0713418 -0.00205276 0.0127991
0.0917691 0.0694855 -0.00193985 0.0125694
0.0907457 0.0690954 -0.00183844 0.0122246
0.0872236 0.0677435 -0.00145291 0.0121297
0.0852705 0.0669787 -0.00180862 0.0120487
0.0843112 0.0666015 -0.00148707 0.0121138
0.0871995 0.0675813 -0.00133032 0.0119834
0.0828218 0.0660137 -0.000895005 0.0121857
0.0810829 0.0653181 6.62803e-05 0.0119277
0.0862595 0.067197 -0.00168721 0.0123783
0.0879166 0.0678622 -0.00145585 0.0123606
0.0857032 0.06715 -0.00135081 0.0124151
0.0928581 0.0697225 0.000150425 0.0124771
0.0864328 0.0674361 -0.00157056 0.0119806
0.0911355 0.0690874 0.000170066 0.0120087
0.0814144 0.0654531 -0.000511757 0.0119852
0.0925912 0.0695938 -0.000265805 0.0125726
0.0839905 0.0664793 -0.000851344 0.0118839
0.101685 0.0731534 -0.00103126 0.0130986
0.0901438 0.0688731 -0.000624941 0.0126357
0.0859771 0.0672628 0.00138706 0.0121568
0.090239 0.0687469 0.000718749 0.0118325
0.0886516 0.0681329 -0.00314171 0.0124028
0.0954778 0.0706647 -0.00260782 0.012787
0.0844377 0.0666585 -9.52749e-05 0.0118402
0.0976378 0.0716795 -0.00243133 0.0129644
0.0956436 0.0709393 -0.000818605 0.0132595
0.0947796 0.070616 -0.0013649 0.0124706
0.0975744 0.0714948 -0.000978418 0.0120435
0.0867081 0.0675486 -8.6285e-05 0.0112532
0.0845382 0.0666902 -0.00187227 0.0123593
0.0878424 0.0678306 -0.000958908 0.0125061
0.08737 0.0677993 -0.0012196 0.0121616
0.078787 0.0643864 -0.00106532 0.0110526
0.0834139 0.0660653 -0.00259413 0.0118608
0.0857023 0.0669936 -0.00188034 0.0121281
0.0799962 0.0648803 2.72279e-05 0.0118046
0.0754661 0.0630141 -0.000856467 0.0110547
0.0863851 0.0671881 -0.00191753 0.0120515
0.0884631 0.0680692 -0.00159578 0.0123496
0.0695027 0.0604716 -0.00181149 0.00984109
0.0845612 0.0667083 -0.00139527 0.0117519
0.0836949 0.0663585 -0.00108984 0.0115884
0.0852209 0.0669608 -0.000695603 0.0120112
0.0795646 0.0647017 -0.00129391 0.011777
0.0787125 0.0643531 -0.000971218 0.0110446
0.0883601 0.0681852 -0.00310693 0.0122668
0.0827989 0.0660036 -0.00139938 0.0122598
0.0729693 0.0619658 -0.00249353 0.0113281
0.0911871 0.0692689 -0.00260178 0.0122095
0.0736392 0.0622435 -0.0022868 0.0107611
0.073705 0.0621344 -0.00186217 0.0104515
0.0801317 0.0647648 7.90901e-05 0.0113729

0 0.00199852 0 0.000384794
0.073373 0.0621239 -0.00150575 0.0112712
0.0677375 0.0596993 -0.00123062 0.0107482
0.0641865 0.058112 -0.00129551 0.0104631
0.0621127 0.0571644 -0.00131425 0.0102446
0.0597705 0.0560771 -0.00110659 0.0100322
0.0595429 0.0559697 -0.000979385 0.0100747
0.0551605 0.0538718 -0.00110253 0.00970201
0.0566023 0.0544508 -0.000813451 0.00983635
0.0550967 0.0538406 -0.000754094 0.00949377
0.0501994 0.0513928 -0.00095204 0.00939157
0.0533946 0.0528604 -0.00136147 0.00938933
0.0511879 0.0518934 -0.001196 0.00950521
0.0540206 0.053187 -0.000516763 0.00956277
0.0490369 0.050788 -0.00171788 0.00920875
0.0561303 0.0541824 -0.000134623 0.00934938
0.0490202 0.0507874 -0.000655795 0.00888291
0.0540133 0.0531684 -0.000122351 0.00960852
0.0524393 0.052527 -0.00055187 0.0102923
0.0527938 0.0527048 -7.58927e-05 0.0105508
0.0552673 0.0537745 -0.00207438 0.00956961
0.05451 0.053433 -0.00249554 0.00972736
0.0665627 0.0589635 -0.000264701 0.0106663
0.050081 0.0513299 -0.00199141 0.00974075
0.0603261 0.0561368 0.000846934 0.00978003
0.0559767 0.0542729 3.58886e-05 0.00999047
0.0550137 0.0537998 -0.000720708 0.00984297
0.0477396 0.0501273 0.00198398 0.010756
0.0494551 0.0508954 0.000626058 0.00867785
0.0449378 0.0486211 -0.001205 0.00823199
0.0557727 0.0539669 0.000186693 0.0101552
0.0493026 0.0509365 0.000278656 0.0092625
0.0532874 0.0528186 -1.65842e-05 0.0102093
0.0522198 0.0522572 -0.0020821 0.00966407
0.0589881 0.0555434 -0.000716445 0.00953761
0.0479183 0.0502162 -0.000286586 0.00978875
0.0428185 0.0474674 -0.000197007 0.00780524
0.0570616 0.0547956 -0.00130542 0.010306
0.0469618 0.0497096 -0.000855611 0.00968933
0.0472791 0.0498719 -0.000828341 0.008306
0.0553334 0.0537824 -0.000503323 0.00946035
0.0438381 0.0480259 -0.00124679 0.00944574
0.0598605 0.0561206 -0.00220584 0.0102763
0.0564674 0.0544999 -0.0017587 0.00890647
0.0459885 0.0491928 -0.000643414 0.00866351
0.0538133 0.0530343 -0.000711222 0.00896959
0.0515761 0.0520936 -0.000427252 0.0103028
0.0535072 0.0530052 -0.00271527 0.0100066
0.045586 0.0489801 0.000292644 0.0083293
0.0489007 0.0506007 -6.52002e-05 0.0085412
0.0457963 0.0490907 0.000266713 0.00952291
0.0396858 0.0456969 -0.000457079 0.00783815
0.0510142 0.0518097 -0.00132777 0.00933607
0.0474237 0.0499436 -0.00230879 0.00913987
0.0525647 0.0524477 -0.000203158 0.00972656
0.0456605 0.0490173 -0.000361266 0.00895592
0.0528202 0.0525514 -0.000664884 0.00979509
0.0541466 0.0532597 -0.000478477 0.0098486
0.042505 0.0472961 1.89565e-05 0.00861867
0.0475798 0.0498874 -0.000860903 0.00910487

0 0.00175288 0 0.000344071
0.0479246 0.0502139 -0.00101793 0.00909515
0.0450928 0.0487074 -0.000881961 0.00865704
0.0430094 0.0475682 -0.000891019 0.00855232
0.0409375 0.046408 -0.00086407 0.00821466
0.0398861 0.045808 -0.000797978 0.00831607
0.0379023 0.0446551 -0.000730132 0.00809486
0.0377228 0.0445475 -0.000771525 0.00802123
0.0350769 0.0429579 -0.000775809 0.00775214
0.0366052 0.0437707 -0.000960208 0.00794322
0.0363959 0.0437587 -0.00046196 0.00772795
0.0330444 0.0416948 -0.000737577 0.00726649
0.0291817 0.0391815 -0.000722022 0.00675842
0.0326943 0.0413526 0.000489341 0.006758
0.0272256 0.0378446 -0.000826673 0.00676659
0.0312856 0.0403198 -0.00245601 0.00748442
0.0261792 0.0370918 -0.00150236 0.00752945
0.0326266 0.0412531 -0.000941462 0.00714935
0.0295184 0.0394045 -0.000754832 0.00612104
0.0350787 0.042801 -0.000734885 0.00820964
0.0266676 0.0374652 0.00041819 0.00555651
0.0259153 0.0368407 -0.00116755 0.00635595
0.0300667 0.0396384 0.000429243 0.00701562
0.0237811 0.0353723 -0.000367654 0.00501823
0.0330878 0.0414924 -0.000949121 0.00868311
0.0350111 0.0429245 -0.00214854 0.00856144
0.0398731 0.0456566 -0.000652101 0.00871691
0.0236787 0.0351792 -0.00132559 0.00563195
0.0320468 0.0408527 -0.000536699 0.00678876
0.0346185 0.0425951 -0.00125024 0.00806104
0.0348495 0.0427205 -0.00092338 0.00815562
0.0403179 0.0458267 -0.00147067 0.00727424
0.0243698 0.0356869 -0.000429651 0.00695602
0.0394862 0.0455876 0.00151923 0.00872771
0.0304192 0.0400022 -0.000853148 0.0063872
0.0370936 0.0440194 0.000141673 0.00797316
0.0287815 0.0389148 -0.000836852 0.00793548
0.0355566 0.0430685 -0.00109204 0.00746918
0.0324668 0.0413334 -1.3963e-05 0.00775285
0.0216086 0.0335019 -0.00226199 0.0055108
0.0293873 0.0393091 -0.00148177 0.00677343
0.0264568 0.0372012 -0.00183076 0.00739394
0.0264051 0.0373174 -0.00244087 0.00569365
0.0246473 0.0360151 -0.00145093 0.0062081
0.0302349 0.039736 0.000337602 0.00630301
0.0297111 0.039548 -0.00231502 0.0070938
0.0259874 0.0369159 -0.00244959 0.00671137
0.0230886 0.0348481 -0.000742881 0.00634425
0.0327931 0.0415151 -0.00172404 0.00611264
0.0252239 0.0364312 -0.000729543 0.00863457
0.0309879 0.0402196 -0.000534512 0.00693736
0.0331945 0.0416691 -0.00082921 0.00732515
0.0229064 0.0345606 -0.000283402 0.00552699
0.0299917 0.0396968 -0.00171903 0.00651136
0.0156602 0.0286582 -0.000546302 0.00491023
0.0344314 0.0425582 1.9183e-05 0.0081072
0.0171101 0.0299469 0.00018986 0.00524478
0.0202567 0.032349 -0.00147629 0.00507261
0.0357791 0.043384 -0.00141815 0.00799787
0.0249876 0.0360966 -0.000170499 0.00721972

0 0.00148914 0 0.000305997
0.0251817 0.0362652 -0.000610221 0.00644744
0.0224304 0.0343532 -0.000363495 0.00618462
0.0222514 0.0342135 -0.000408166 0.00618622
0.0215093 0.0336394 -0.000333255 0.00613927
0.0200602 0.0324884 -0.000170654 0.00582248
0.0209154 0.0330983 1.73677e-05 0.00584216
0.0208055 0.0330843 -0.000257626 0.00585861
0.0212369 0.0333511 -0.00032805 0.00603813
0.0180466 0.0308141 -0.000320738 0.00579597
0.0186336 0.0312406 -0.000586729 0.00587796
0.0168901 0.0298118 -9.16998e-05 0.00518338
0.015107 0.0281985 0.000432414 0.00492537
0.0184525 0.0311489 -0.00129483 0.00676797
0.0224841 0.0342712 -0.000139409 0.00640221
0.0196798 0.0321823 0.000216947 0.00616913
0.0173379 0.0301409 -0.00103221 0.00547577
0.022032 0.034031 -0.0017561 0.00773253
0.0190019 0.0316154 -0.000729443 0.00637374
0.0150817 0.0280079 0.000202221 0.00485767
0.0167672 0.0296135 0.000226213 0.0044352
0.0161067 0.0290093 -0.000827354 0.00458294
0.0212782 0.0333804 -0.00107154 0.00692951
0.0233316 0.0349319 -0.00104693 0.00795148
0.0131504 0.0262529 -0.000988404 0.00467884
0.0231305 0.0348929 0.000540436 0.00604221
0.0194985 0.0320215 -0.000829481 0.00630897
0.0262017 0.0369254 0.000912522 0.0064397
0.0229835 0.0347025 0.00157472 0.00567249
0.0194984 0.0320164 -0.000803491 0.0050678
0.0274699 0.0378109 -0.000398001 0.00650947
0.0167509 0.0296946 0.00134814 0.0052886
0.0162276 0.0291263 -0.00108364 0.00529228
0.0246071 0.0357322 -0.000463925 0.00640857
0.0293058 0.0392567 0.00173655 0.00856399
0.0177754 0.030502 -0.000732547 0.00614493
0.0174635 0.0301737 0.00105169 0.00478719
0.0246563 0.0358161 0.000382569 0.00610074
0.0285408 0.0386215 0.000454847 0.00659769
0.0164154 0.0292228 0.00156327 0.00824982
0.0235044 0.0349679 8.67063e-05 0.00756788
0.0163564 0.0291985 0.000308291 0.00599939
0.0228801 0.0344621 -0.000898311 0.0062297
0.0296673 0.0393044 0.000867989 0.00770101
0.0192383 0.0316934 6.02812e-05 0.00697766
0.0243224 0.0355964 0.00096278 0.006386
0.0166381 0.0294586 9.2719e-05 0.00528618
0.0220542 0.0338989 0.000386207 0.00523692
0.0214654 0.0336081 7.70024e-05 0.00572424
0.020628 0.0329476 0.000253746 0.00703486
0.0213014 0.0333782 -0.000744264 0.00606632
0.0141067 0.0271596 -4.09994e-05 0.0041741
0.0154679 0.0283964 0.00109155 0.00447689
0.0292393 0.0392161 -0.000709772 0.00676699
0.0244235 0.035854 0.000622251 0.00620675
0.0238881 0.0354561 0.00035901 0.00574057
0.00889773 0.0216058 -0.000144932 0.00422355
0.0210169 0.0331 0.000722109 0.00540715
0.024106 0.0354902 0.000582223 0.005673
0.0234373 0.0351159 -0.000168945 0.00620823

0 0.00147143 0 0.000284267
0.00238874 0.0110385 4.20183e-05 0.0020214
0.00215188 0.0101951 0.000114034 0.00208323
0.0025803 0.0116369 9.56228e-05 0.00192145
0.0035068 0.0135326 0.000116564 0.00237826
0.00266329 0.0113994 3.4159e-05 0.00176061
0.00270839 0.0119389 0.000129713 0.00221404
0.00413593 0.0146578 -3.79759e-05 0.00245412
0.00443237 0.0152162 8.74903e-05 0.0026619
0.00311149 0.0127767 0.000136198 0.00286937
0.00546354 0.0169728 0.000463179 0.00286667
0.00569615 0.0172167 -2.74461e-05 0.0027873
0.00709939 0.0192613 -0.000194293 0.00322159
0.00552684 0.0170479 0.000268384 0.00359208
0.00968445 0.022593 0.00111937 0.00296839
0.0075319 0.0198767 0.000699391 0.00334719
0.00602797 0.0177085 0.000260884 0.00265732
0.0144498 0.027572 0.000443197 0.00496075
0.0142932 0.0274276 0.000291067 0.00571425
0.00854587 0.0211182 0.000173789 0.00420096
0.00722411 0.0194693 -0.000190953 0.00327893
0.00330406 0.0190012 0.000932352 0.00596172
0.0139122 0.0270639 0.000934077 0.00499061
0.0120668 0.0250817 -0.000207395 0.00415257
0.0109516 0.0239101 -0.000211663 0.00320655
0.00510399 0.0163773 0.000327202 0.00440015
0.0130461 0.0261964 -0.000444815 0.00489476
0.0201426 0.0325703 0.00140426 0.00557759
0.0158027 0.028812 0.00145071 0.0059112
0.0103219 0.0218673 0.00114581 0.00315527
0.0133824 0.0263906 0.00044295 0.00384555
0.0153247 0.0282511 0.00065692 0.00434803
0.00672994 0.0188196 0.000403688 0.00398805
0.0089528 0.0215851 2.19237e-05 0.00417425
0.0135545 0.0265755 -0.000289656 0.00479741
0.00761674 0.019965 1.18341e-05 0.00269064
0.0153952 0.0282716 -0.00175381 0.0050863
0.0162947 0.0292884 0.00114125 0.00599988
0.0116215 0.0246522 0.000608606 0.00362437
0.0107279 0.0237592 0.000831965 0.00540814
0.00811798 0.0206713 0.000614179 0.00389905
0.0119805 0.0254362 0.00114883 0.00450292
0.00996212 0.0228456 0.000125971 0.00380486
0.00982408 0.0226113 0.000500918 0.00340876
0.01332 0.0262951 0.000696885 0.00342487
0.0101612 0.0119786 0.00113061 0.00087121
0.0109345 0.02397 0.000952374 0.0041211
0.0179132 0.0304465 -0.000348858 0.004937
0.00955243 0.022326 0.00012431 0.00392019
0.00939687 0.022165 -7.79984e-06 0.00324506
0.0129887 0.0260605 -0.000106263 0.0052365
0.0100238 0.0229655 -0.000698921 0.00445951
0.0152356 0.0281293 0.000282889 0.00394409
0.0114455 0.0244528 0.000369761 0.00424082
0.0152432 0.0251313 0.00190533 0.00360036
0.0120293 0.0251698 0.00064721 0.00422417
0.0088385 0.0215658 -0.000255163 0.00385974
0.00859816 0.0212189 0.00016922 0.00425579
0.00909187 0.0218293 0.000416153 0.00609517
0.00983461 0.0225788 0.000488767 0.00309602

