0 0.00407119 0 0.00187058
0.180193 0.0973814 -0.00261623 0.0176037
0.170258 0.0946493 -0.00248301 0.0171589
0.16374 0.092819 -0.00225119 0.0167963
0.160743 0.0919641 -0.00243408 0.0165611
0.154711 0.0902232 -0.00228895 0.0162768
0.150437 0.0889669 -0.00267067 0.0159799
0.147827 0.0881913 -0.00246669 0.0158347
0.144847 0.0872991 -0.00188808 0.0157103
0.142209 0.0864991 -0.0024382 0.0155556
0.137424 0.0850318 -0.00254016 0.0153078
0.138103 0.0852403 -0.00212933 0.0150531
0.131411 0.0831529 -0.00177436 0.0149666
0.132954 0.083638 -0.000895944 0.01491
0.14527 0.0874396 2.31826e-05 0.01528
0.122065 0.0801445 -0.00440409 0.0151828
0.131175 0.082874 -0.000188568 0.0147118
0.127022 0.0817528 -0.00079695 0.0147597
0.134837 0.0840308 0.000173003 0.0157714
0.135163 0.0843325 0.0015219 0.0147851
0.13029 0.0828036 -0.00449581 0.0149398
0.154361 0.090133 -0.000337052 0.0159756
0.140985 0.0861343 0.00168842 0.01694
0.166763 0.0936868 0.00276482 0.0165919
0.154968 0.090313 0.00397859 0.0159098
0.123147 0.0805092 0.00257531 0.0152318
0.152941 0.0897189 0.00111354 0.0151201
0.136637 0.0847756 -0.00823458 0.0176205
0.16175 0.0922678 0.00235999 0.0159176
0.132933 0.0836209 -0.00723351 0.0154299
0.143719 0.0869695 -0.00149728 0.0160194
0.104638 0.0742082 -0.000388286 0.0133774
0.156641 0.0907936 0.00014405 0.0163776
0.155755 0.0903247 -0.00441597 0.0159838
0.155948 0.0905847 0.0010647 0.0165482
0.143246 0.086831 0.00414779 0.0154466
0.137365 0.0850133 -0.00242159 0.0152972
0.148737 0.0884683 -0.00371064 0.0144944
0.121006 0.0797773 -0.00615186 0.0133963
0.144916 0.0873283 -0.00292854 0.0165113
0.142842 0.0866901 -0.00523724 0.0138133
0.103537 0.0738078 -0.00328412 0.013293
0.126125 0.0814739 0.000246489 0.0137553
0.127153 0.0817846 -0.00611596 0.0141663
0.137984 0.0852161 -0.00169934 0.0153543
0.135382 0.0844123 -0.00330605 0.0170484
0.107519 0.0751999 -0.00629297 0.01298
0.103119 0.0736639 0.00118302 0.0118102
0.145064 0.0873685 -0.00439211 0.0159663
0.167055 0.0937659 -0.000565366 0.0159399
0.15639 0.090717 0.00139229 0.0161616
0.135148 0.0843323 -0.000612108 0.0165001
0.11484 0.0776974 -0.00776525 0.0172456
0.128129 0.0821113 -0.00394835 0.0165444
0.138945 0.085521 0.006378 0.0149061
0.117309 0.0785544 -0.00543719 0.0149224
0.133646 0.0838601 -0.00401169 0.0140411
0.141272 0.0860106 0.00144738 0.0145658
0.115985 0.0777912 -0.00765616 0.0161075
0.142106 0.0864831 0.00731135 0.0178374

0 0.0023025 0 0.000480457
0.12482 0.0810441 -0.00224728 0.0147625
0.115617 0.0779953 -0.00218759 0.0141487
0.108756 0.0756454 -0.00197034 0.0136262
0.106507 0.0748574 -0.00194061 0.0135021
0.102825 0.073552 -0.00204245 0.0132114
0.0978357 0.0717452 -0.00218715 0.0130681
0.0957453 0.0709743 -0.0018269 0.0128441
0.0933705 0.0700888 -0.00177965 0.0126398
0.0878264 0.0679756 -0.00211708 0.0120437
0.085994 0.0672626 -0.00168619 0.0119494
0.0866993 0.0673836 -0.00217997 0.0122594
0.0862514 0.0672163 -0.00223059 0.0121159
0.0855505 0.0670932 0.000381354 0.0120523
0.0751216 0.0628686 -0.00187581 0.011413
0.0760856 0.0632696 -0.000863023 0.0113475
0.0815817 0.0653349 -0.0019612 0.0111783
0.0917492 0.069479 -0.00399492 0.0137578
0.0850875 0.0669005 -0.00318728 0.0125343
0.0932578 0.0698428 -0.00209145 0.0132828
0.0825653 0.0659144 -0.0004215 0.0121167
0.0849296 0.0667985 -0.00670102 0.011768
0.0849369 0.0668494 -0.00083162 0.0130456
0.0752456 0.0626897 -0.00562617 0.00961989
0.0990751 0.0722007 -0.00374066 0.0148769
0.0822141 0.0657688 -0.00209875 0.0117634
0.0833434 0.0661943 -0.00666375 0.0132033
0.0826717 0.0658974 -0.00741531 0.0126555
0.103629 0.0738562 0.00363098 0.0130488
0.0767118 0.0635315 -0.00223012 0.0137741
0.106346 0.0748154 0.00222078 0.0131869
0.0839951 0.0664684 -0.00332428 0.0111812
0.0803113 0.0649818 -0.00699205 0.0141074
0.0813095 0.065257 -0.00177297 0.0119593
0.0703678 0.0608493 -0.000890681 0.0107253
0.0931272 0.0700055 -0.00113237 0.0126852
0.0872245 0.0677376 -0.00304311 0.0122219
0.0813165 0.0654145 -0.00529557 0.0142003
0.108914 0.0757094 -0.00201747 0.016567
0.0898384 0.068626 -0.00840107 0.0111387
0.100993 0.0726884 -0.000267609 0.0126791
0.0593351 0.0557005 -0.000697451 0.0132478
0.0840874 0.0665186 -0.00215969 0.0142569
0.0703101 0.0610501 -0.00805152 0.0142653
0.0719663 0.0614995 -0.0055911 0.0162076
0.0745608 0.0625867 -0.00501644 0.0101146
0.0951495 0.0707595 -0.00288545 0.0143275
0.0945746 0.0703648 -0.00340044 0.0121166
0.0891813 0.0685003 -0.00131597 0.0122851
0.0886316 0.067959 0.00621605 0.0116117
0.0762768 0.0633515 -0.00145518 0.0119594
0.0851948 0.066924 -0.00637493 0.0137666
0.0615285 0.0566005 -0.00389341 0.0103219
0.0725242 0.061566 0.000373687 0.0141924
0.0887511 0.0682944 -0.00531159 0.0108806
0.0718934 0.0615086 -0.000547322 0.0139811
0.0710732 0.0611627 -0.00400522 0.0117635
0.0817174 0.0655592 -0.00360654 0.0108255
0.0710903 0.0611587 -0.00112322 0.0100968
0.089787 0.0686752 -0.00901702 0.0172484

0 0.0020397 0 0.000469675
0.0737834 0.0623 -0.00149595 0.011276
0.0678163 0.0597338 -0.00133001 0.0108088
0.0649602 0.0584623 -0.000969891 0.0106605
0.0613155 0.0567959 -0.00152216 0.0101513
0.0589493 0.055689 -0.00142543 0.0100954
0.0570094 0.0547673 -0.000851127 0.00984239
0.0563958 0.0543569 -0.00149977 0.00977287
0.0540755 0.0533386 -0.0010136 0.00977673
0.0537153 0.0530472 -0.00142072 0.00925202
0.0474001 0.0499391 -0.00190762 0.00914956
0.0509841 0.0516473 -0.00114132 0.00948533
0.0492249 0.0507484 -0.00175241 0.0086447
0.0426802 0.0473827 -0.00198037 0.00883111
0.0443156 0.0481596 -0.00131447 0.00891142
0.0531722 0.052659 -0.00156417 0.00887517
0.054612 0.0534877 0.000154808 0.0100522
0.0679269 0.0597921 0.000403421 0.00999789
0.0535866 0.0530953 -0.0015542 0.00931555
0.0469963 0.0496962 -0.00257817 0.00935959
0.0703418 0.0608351 -0.00171413 0.00988382
0.0534939 0.0530609 0.00262429 0.0111993
0.0536416 0.0530777 -0.0038139 0.00869976
0.0446835 0.0487286 -0.00265877 0.00735396
0.0706557 0.0609739 -0.00125837 0.0123655
0.0746501 0.0624908 0.00264407 0.0123336
0.0572151 0.0548787 0.00234242 0.00896963
0.0628484 0.0574345 -0.00209431 0.0124545
0.0434326 0.0477296 -0.00374908 0.00884363
0.0508919 0.0515172 0.00180494 0.00764971
0.0706521 0.0611014 0.00785144 0.00594482
0.0696548 0.0605412 0.000499913 0.0109154
0.0450932 0.0487098 -0.000885559 0.0090453
0.0603278 0.0563305 -0.00233935 0.00963412
0.086806 0.0675948 0.00444395 0.0117701
0.0641777 0.0581203 0.00121742 0.0105157
0.0452178 0.0487445 -0.002572 0.00716064
0.0565735 0.0543353 0.00117999 0.0120026
0.0738024 0.0623876 0.00835956 0.00895459
0.0640163 0.0580456 0.0018302 0.0086626
0.0654487 0.0585514 -0.000868058 0.0115591
0.0514594 0.0520453 0.00162694 0.011155
0.0713642 0.0612805 0.00420618 0.0102727
0.0774117 0.0635968 -0.00224845 0.0109623
0.0562219 0.0543937 -0.000449143 0.00968944
0.0498688 0.051221 -0.00153539 0.0092398
0.069699 0.0605676 0.000892288 0.00910108
0.0728865 0.0618574 -0.00711691 0.0126251
0.0511942 0.051886 -0.00209232 0.00841943
0.0547061 0.0535194 -0.000398878 0.0109933
0.0615997 0.0567471 0.00149131 0.0102232
0.0429821 0.047566 0.00124413 0.00881988
0.0672768 0.0594997 -0.00055824 0.0113566
0.0474752 0.0499868 0.000245779 0.00871528
0.0457989 0.0490985 0.00151683 0.012214
0.035699 0.0433344 -0.00095087 0.00695252
0.0553089 0.0539445 -0.00149832 0.00987775
0.0466565 0.0495608 0.00174516 0.00769576
0.0518361 0.0520763 0.000677793 0.00755339
0.0569025 0.054558 0.00109984 0.0100157

0 0.00183293 0 0.000360838
0.0480873 0.0503018 -0.000904276 0.00905216
0.0447199 0.0485059 -0.000873308 0.00861836
0.0438221 0.0480159 -0.000725808 0.00871671
0.0412177 0.0465675 -0.000786809 0.00834757
0.0402601 0.0460221 -0.000820679 0.00836214
0.0385961 0.0450648 -0.00019482 0.00825084
0.0368444 0.0440279 -0.000642591 0.0081712
0.0399483 0.0457307 -0.000120995 0.00809535
0.0321993 0.041157 -0.000957297 0.00691741
0.0376475 0.0443619 -0.000415264 0.00823761
0.0346967 0.0427299 0.000182396 0.0074564
0.0343824 0.0424257 -0.000895989 0.00736117
0.0349635 0.0428896 -0.000214827 0.00732875
0.0301219 0.0398019 -0.0011955 0.00689324
0.0383684 0.044743 -0.00046012 0.00746758
0.0365153 0.0438324 -0.000311851 0.00883306
0.0361733 0.0436198 -0.000772699 0.00673623
0.0328243 0.0415552 -0.00115409 0.00839792
0.0477949 0.0501583 0.00180527 0.00880642
0.0498122 0.0510782 0.000483511 0.00955333
0.0357008 0.0433349 -0.00100498 0.00667015
0.0373078 0.0441221 -0.00383377 0.00724703
0.061705 0.0569419 -0.0040082 0.0101268
0.0518885 0.052222 -0.00301525 0.00937519
0.0526541 0.0525359 -0.00203393 0.0088776
0.0790772 0.0645114 0.000659103 0.0104761
0.0399661 0.045562 -0.00360968 0.00716607
0.0354439 0.0427865 -0.00280184 0.00872593
0.0382031 0.0461689 -0.00557002 0.0109775
0.0494161 0.0507566 -0.00121749 0.00752628
0.0333616 0.0459938 0.00417032 0.00581331
0.0447507 0.048487 0.00232939 0.0101902
0.0399227 0.0458158 -0.00166861 0.00856003
0.0393822 0.0456004 0.00341905 0.00914737
0.027919 0.0381516 -6.54495e-05 0.00666507
0.0400646 0.0459254 0.00249146 0.00731997
0.0434237 0.047851 0.00536191 0.00819735
0.0321437 0.0411304 5.96188e-05 0.00809391
0.0342831 0.0423406 -0.00161563 0.00689125
0.055468 0.0539569 -0.00396999 0.00942369
0.0429874 0.0475533 -0.00125168 0.00811835
0.0524814 0.0523053 0.00218276 0.0102355
0.04209 0.000938412 -0.00467666 0.000104359
0.0371414 0.0441329 -0.0025277 0.00690436
0.0700656 0.0607278 0.00212795 0.0120673
0.0324613 0.0412318 -0.00144628 0.00818763
0.0549343 0.0537626 -0.000752652 0.0105496
0.0505506 0.0515624 -0.00176537 0.00867595
0.04188 0.046946 -5.3506e-05 0.0079975
0.0519504 0.0520507 0.000874346 0.00917753
0.0236406 0.0158189 -0.0026268 0.00202134
0.0469744 0.0493264 -0.00544645 0.0087172
0.0544584 0.053547 0.00304463 0.0108412
0.0549471 0.0537729 0.00519353 0.00742821
0.0480599 0.050291 -0.000922899 0.00869032
0.0327415 0.0414757 -0.00215229 0.00953966
0.038727 0.0449268 0.0017417 0.0073994
0.0287768 0.0389207 0.000629958 0.00611162
0.0562594 0.0544049 -0.000336203 0.00982537

0 0.00183084 0 0.000357487
0.0262474 0.0371632 -0.000400321 0.00667137
0.0246742 0.0360316 -0.000207036 0.00653433
0.0225717 0.0344614 -0.000324608 0.00613276
0.0224482 0.034365 -0.000361126 0.00624002
0.0220404 0.0340522 -0.000320592 0.00651234
0.0197694 0.0322538 -2.7657e-05 0.00580025
0.0201808 0.03251 -0.000353593 0.00590672
0.0180171 0.0307833 -0.00062447 0.00566099
0.0191491 0.0316517 -0.000528942 0.00550811
0.0187501 0.0314063 -0.000399913 0.00619994
0.0203012 0.0325965 -0.000389823 0.00645769
0.0229233 0.0346272 0.000192765 0.0060559
0.0185232 0.031225 0.000357724 0.00558909
0.019506 0.0320117 -0.000715253 0.00652345
0.0154384 0.028331 -8.96805e-05 0.00514652
0.0161989 0.0292167 0.00135941 0.00541855
0.0262904 0.037202 0.00120639 0.00705304
0.0257687 0.0367225 -0.00126266 0.00539417
0.0332357 0.0415764 0.00158487 0.00738935
0.0415264 0.046534 0.00103233 0.00778563
0.0320345 0.0410427 -0.00120162 0.00695756
0.0366744 0.043777 -0.001003 0.0075247
0.0363998 0.0436613 -0.00145579 0.00791821
0.0405973 0.0460887 0.000310037 0.00993088
0.0269026 0.0375599 -0.00104531 0.00707448
0.0260522 0.00105298 -0.00372174 0.000150536
0.0462055 0.0493182 0.00116752 0.00711657
0.0389799 0.045295 0.000715467 0.00775455
0.00600339 0.0177648 2.64269e-05 0.0058907
0.0643229 0.0581512 -0.00334044 0.0099186
0.04508 0.0487091 0.000111936 0.00910546
0.0413122 0.0466275 0.000441396 0.00778196
0.0303739 0.0399849 0.000555834 0.00831329
0.048725 0.0506329 -0.000647874 0.00824151
0.039443 0.045551 -0.0029065 0.0080857
0.0329122 0.0416281 0.00222456 0.00673489
0.0335567 0.0419256 0.000473491 0.00784044
0.0350587 0.042934 0.00206672 0.00943977
0.0272767 0.0378918 0.00048231 0.00596292
0.0421137 0.0470751 -0.000297042 0.00766205
0.0400518 0.0120678 -0.00500646 0.00137752
0.0233713 0.0344894 -0.000947173 0.00693335
0.0411422 0.0465228 0.00348367 0.00674555
0.031317 0.0401818 -0.00258018 0.00797292
0.0530602 0.0528439 0.00118646 0.00970589
0.0469223 0.0497027 0.00208407 0.00890179
0.0295015 0.0391821 0.00128353 0.00622657
0.0545216 0.0535221 0.00762634 0.0101709
0.0495144 0.0510519 0.0016857 0.00950889
0.0376745 0.0445386 0.00224194 0.00733606
0.0425578 0.0471215 0.0019922 0.00730702
0.0335856 0.0230263 0.00559753 0.00383677
0.0318904 0.0409167 -0.00274775 0.00770305
0.0353373 0.0429428 0.00219658 0.00648249
0.0387818 0.0450517 -0.000136173 0.00837758
0.041016 0.0464295 0.0017765 0.00852982
0.0429214 0.0474117 -0.000408976 0.00683616
0.035501 0.0432192 0.00254706 0.00878657
0.0448314 0.0485803 0.0017949 0.00638025

0 0.00172781 0 0.0002877
0.00310015 0.0124641 0.000188426 0.00255949
0.0017577 0.00946695 6.92459e-05 0.00151728
0.00274375 0.0119792 8.76186e-05 0.00224482
0.00217654 0.0103652 6.08638e-05 0.00158399
0.0037332 0.0140196 0.000226929 0.00249095
0.00409278 0.0146297 9.87558e-05 0.00252753
0.00451201 0.0153478 1.79848e-05 0.00271847
0.00370391 0.0144314 0.000403715 0.00201672
0.00518557 0.0164963 0.000157637 0.00285138
0.00785031 0.020178 0.000265186 0.00305744
0.00870436 0.0213335 0.000507443 0.00368237
0.00594171 0.0176276 0.00030615 0.00286829
0.00581555 0.0162749 0.000646491 0.000802468
0.0119299 0.0248149 0.000129649 0.00462395
0.0221786 0.0341747 0.00141593 0.00538025
0.0125322 0.0256363 0.00050331 0.00471275
0.0183078 0.0308471 0.000308869 0.00480292
0.0119564 0.0250251 0.000466166 0.00451692
0.0147988 0.0278047 -0.000318542 0.00464264
0.0191121 0.0315615 -0.00168448 0.00621437
0.00901235 0.0217184 0.000126115 0.00299856
0.0365663 0.0105374 0.00522457 0.00170941
0.0209326 0.0324061 -0.00188561 0.00451819
0.0180939 0.0306578 -0.00128063 0.00471558
0.0244616 0.0356946 -0.000308931 0.00680741
0.0291613 0.00151226 -0.0041659 0.000224672
0.0388347 0.0452023 -0.000133121 0.00725485
0.0117061 0.0248094 0.000479704 0.00458977
0.00778705 0.0208839 -0.00142211 0.00522025
0.0269083 0.03731 -0.000463478 0.00678866
0.0276231 0.0379722 0.00209438 0.00928083
0.0190255 0.0313078 -0.00211247 0.00267703
0.0178505 0.0306489 0.000252138 0.0141671
0.0276545 0.0381272 -0.00150521 0.00780835
0.0277299 0.0376594 -0.00287605 0.00519141
0.019177 0.0316184 1.59712e-05 0.00621748
0.0173224 0.00744353 -0.00432791 0.00211748
0.0462489 0.0538139 0.00580195 0.0035032
0.0362912 0.0437057 0.00151953 0.0118837
0.0359764 0.0434695 -0.00115339 0.00701983
0.0294356 0.039393 0.00311568 0.00591691
0.0142779 0.0190404 0.00158626 0.00279487
0.0433429 0.0478324 0.00329871 0.0087753
0.0340199 0.0423652 0.00330475 0.00558547
0.0354257 0.0427243 -0.0025336 0.00776634
0.0357795 0.04319 -0.00206505 0.00681257
0.0182817 0.0314464 -0.0025428 0.00810494
0.0226358 0.0343326 0.000772621 0.00499527
0.0278116 0.0381664 0.00395652 0.0071887
0.0378191 0.0446246 0.00195162 0.00645657
0.0332561 0.000956137 -0.00415701 0.000121021
0.0267091 0.037485 -0.00022538 0.00781969
0.0323144 0.0407246 0.00321066 0.00905822
0.0273453 0.0379165 -0.00102982 0.0062732
0.0257812 0.0368453 0.00120854 0.00784784
0.0231542 0.034917 0.00105896 0.00659042
0.0271803 0.0376931 -0.000286251 0.00864659
0.0334995 0.00565495 0.00478569 0.000820637
0.0333907 0.0416833 0.00128456 0.00730665

