0 0.00407119 0 0.00187058
0.179712 0.0972515 -0.00255372 0.017602
0.169188 0.0943515 -0.00244841 0.0170316
0.161661 0.0922279 -0.00236507 0.0166969
0.155961 0.0905871 -0.00219301 0.0163371
0.153641 0.0899097 -0.00206064 0.016204
0.146404 0.0877683 -0.00208185 0.0157329
0.145971 0.0876358 -0.00218722 0.0157124
0.144833 0.0872939 -0.00203336 0.0156669
0.138314 0.0853084 -0.0020994 0.015223
0.135562 0.0844544 -0.00187797 0.0152491
0.133079 0.0836771 -0.00187655 0.0149784
0.129805 0.0826405 -0.00242355 0.0151635
0.133101 0.0835024 -0.00163673 0.0146457
0.131164 0.083071 -0.00261242 0.015247
0.116797 0.078393 -0.00250702 0.0142733
0.12853 0.0822445 -0.00207319 0.0151397
0.123304 0.0805592 -0.00255198 0.0154171
0.127013 0.081557 -0.00305745 0.0151294
0.125883 0.0813828 -0.00162563 0.0150191
0.136737 0.0848183 -0.00576386 0.014931
0.128905 0.0823566 -0.00176997 0.0153551
0.144828 0.0873005 -0.00391318 0.0158296
0.133336 0.0837585 -0.00288148 0.0150144
0.144461 0.0871947 -0.000822953 0.0150512
0.128955 0.0823771 3.54625e-05 0.0148654
0.166709 0.0936698 0.00142229 0.0160447
0.142135 0.0864853 -0.00057947 0.0149512
0.12475 0.0810199 -0.00169986 0.0141396
0.129037 0.0822192 0.000389427 0.0149188
0.152909 0.0896986 -0.00479321 0.0151934
0.125608 0.081297 -0.00271459 0.0140928
0.146672 0.0878569 -0.00324408 0.0162006
0.143883 0.0870105 -3.79013e-05 0.0159238
0.13661 0.0847863 0.00287611 0.0154338
0.144909 0.0873262 -0.0030471 0.0164235
0.153395 0.0898535 0.00201138 0.0151625
0.149561 0.0887217 -0.00396132 0.0158559
0.120588 0.0796597 -0.00157327 0.0141372
0.136135 0.0846394 -0.00316579 0.0145365
0.128532 0.082239 -0.000667885 0.0159547
0.152651 0.0896277 -0.00291368 0.0154156
0.167149 0.093795 0.00217222 0.0166265
0.136969 0.0848971 -0.00222035 0.0147628
0.151272 0.0892282 0.000782473 0.0160924
0.130225 0.0827824 -0.00418924 0.0154198
0.130887 0.0829861 -0.00545303 0.0148281
0.14461 0.0872358 -0.00311547 0.0152348
0.141328 0.0862319 -0.00177987 0.0160297
0.107753 0.075306 0.000673835 0.0130415
0.142842 0.0867054 0.00127314 0.0153168
0.150054 0.0886489 0.00104732 0.0155579
0.119243 0.0792095 -0.00327042 0.0138909
0.132767 0.08359 -0.00126733 0.0146367
0.121145 0.0798479 -0.00332221 0.0153746
0.11683 0.0784 -0.00439622 0.0164479
0.146411 0.0877661 -0.00673898 0.0172089
0.138246 0.0852897 -0.000839173 0.0144584
0.125528 0.0812785 -0.0032137 0.0149924
0.114495 0.0776229 0.00188564 0.0132137

0 0.00218918 0 0.000415005
0.122473 0.0802751 -0.00256383 0.0145044
0.113596 0.0773101 -0.00232877 0.0139731
0.107796 0.0753092 -0.00234916 0.0135773
0.102946 0.0735949 -0.00235746 0.0132728
0.0989299 0.0721451 -0.00211415 0.0129655
0.0971591 0.0714965 -0.00176897 0.0128912
0.0925257 0.0697711 -0.00201395 0.0126122
0.0899745 0.068802 -0.0017962 0.0122617
0.0902311 0.0689006 -0.00118959 0.0122183
0.0840141 0.0664821 -0.00240046 0.011587
0.0847857 0.0667888 -0.00113079 0.0119534
0.0809988 0.0652796 -0.00185443 0.0117569
0.0836702 0.0661939 -0.00147172 0.012143
0.0879954 0.0678584 -0.0021176 0.0127915
0.0835435 0.0662963 -0.00207465 0.0120062
0.0820505 0.0657077 0.000974772 0.0113115
0.0865562 0.0673275 -0.000662926 0.0121445
0.0826676 0.0659466 -0.00195601 0.0113342
0.0837073 0.0662157 -0.0017512 0.0114724
0.0959721 0.0708432 0.000727868 0.0129287
0.0984559 0.0718136 -0.00122611 0.0138649
0.0876736 0.0679242 0.000183456 0.0109667
0.0899858 0.0686322 -0.00247189 0.0115208
0.0915337 0.0693991 0.000861984 0.0138718
0.11097 0.0764256 0.00339678 0.0128183
0.0729916 0.0619535 -0.00408708 0.0114801
0.0931267 0.0700077 -0.000416247 0.0125659
0.0885445 0.0682287 -0.00507641 0.0134168
0.104084 0.0739652 -0.00716728 0.0119991
0.0819093 0.0656509 -0.0023915 0.0123619
0.0944787 0.070492 -0.00548413 0.0155413
0.0795956 0.0647175 -0.00262344 0.0117208
0.101228 0.0729919 0.00094917 0.0131197
0.0926636 0.0698155 -0.00804918 0.010586
0.0967781 0.0709942 -0.00701807 0.013821
0.0877504 0.0679646 -0.00587112 0.0132524
0.0919229 0.0693759 -0.00196107 0.0120267
0.0919534 0.0695537 -0.0015526 0.0135487
0.0715989 0.0613835 -0.000388597 0.0113887
0.0547108 0.0536168 -0.00350164 0.00937575
0.0743072 0.0625377 0.000987358 0.0114528
0.0888101 0.0683646 -0.0012456 0.0140754
0.0707921 0.0610398 0.00157079 0.0128917
0.0557198 0.0541382 -0.00239377 0.010704
0.0908023 0.0691257 -5.46441e-06 0.0122444
0.0815737 0.0653182 -0.00456531 0.0111339
0.0842445 0.066533 -0.00610287 0.0113131
0.0666297 0.0591926 -0.00360393 0.0108098
0.0826464 0.066401 -0.0078417 0.00995721
0.0825757 0.0659178 0.000793061 0.0124097
0.0792784 0.0645844 -0.00464313 0.0122578
0.0877689 0.0679586 0.00472185 0.0129354
0.0875902 0.0677426 -0.00190197 0.0108187
0.0584463 0.0554488 -0.00241533 0.0105439
0.106866 0.0749768 -0.00315175 0.0135327
0.0603149 0.0486615 -0.00753923 0.00220624
0.087299 0.067771 -0.000894404 0.0120705
0.0520654 0.0521725 -0.000888866 0.00864376
0.0852056 0.066957 -0.00147783 0.0111131

0 0.00203401 0 0.000380739
0.0713833 0.0612806 -0.00129728 0.0111301
0.0673046 0.0595065 -0.00145602 0.0106806
0.0662804 0.0590509 -0.00133962 0.0106655
0.059737 0.0560627 -0.00124403 0.00997673
0.0573006 0.0549048 -0.00134683 0.00976192
0.0580949 0.0551631 -0.00122465 0.00989627
0.0566426 0.0545864 -0.00160673 0.00996985
0.0537452 0.053175 -0.00116447 0.00971534
0.0530684 0.0528396 -0.000788752 0.00935092
0.0479057 0.0502006 -0.00153615 0.00905167
0.052251 0.0522921 -0.000743244 0.0094396
0.0517714 0.0520686 -0.00161201 0.00971
0.0507364 0.0516628 -0.00119976 0.00908711
0.0504515 0.0515199 -0.000812217 0.00995567
0.0479639 0.0502391 -0.00279342 0.00997225
0.0422868 0.0471661 -0.00102899 0.00783965
0.0517806 0.0521835 -0.00242034 0.0102951
0.066325 0.0590838 0.00105504 0.0106519
0.0458777 0.0491328 -0.000871462 0.00862533
0.0674693 0.0595929 0.00266285 0.0113746
0.0563594 0.0543696 -0.00561426 0.00999665
0.0556229 0.0539493 0.00294531 0.00966231
0.0544008 0.0533957 0.00195452 0.00948251
0.068458 0.0600274 0.00117198 0.00921705
0.0582947 0.0553831 -0.00114344 0.0114806
0.0631792 0.0575113 8.77602e-07 0.0101899
0.0646527 0.0581822 -0.00154593 0.00890117
0.0747895 0.0625346 0.000203729 0.0108097
0.0692461 0.0603644 0.000172694 0.00966684
0.0710883 0.0610215 0.000819015 0.0101897
0.067162 0.0594047 -0.00434575 0.00968669
0.0769837 0.0634522 -0.00826933 0.0110286
0.0680253 0.0598325 0.000726538 0.00950617
0.0636504 0.0576555 -0.00322031 0.00927663
0.0497795 0.0511844 0.000272486 0.00918115
0.0485889 0.0505302 -0.00290398 0.0105582
0.0998045 0.072461 -0.000491701 0.0159501
0.0540588 0.0532032 0.000563066 0.00909621
0.0463677 0.0493935 -0.000620007 0.00828547
0.0543285 0.0535344 -0.00487634 0.0112172
0.0625719 0.0571792 0.00177834 0.0105284
0.0652799 0.0584566 0.00138342 0.0101125
0.0626428 0.0571368 -0.00535856 0.0100695
0.0592327 0.0558311 0.00108438 0.0090143
0.0635712 0.0576166 0.00213463 0.00865975
0.0579834 0.0552453 0.00184868 0.011181
0.0585252 0.0554926 0.00014195 0.00944482
0.0466656 0.049553 -0.000842585 0.0096235
0.0464194 0.0492576 0.00283305 0.00893825
0.0399116 0.0457182 -0.00404773 0.00826415
0.0581207 0.055309 0.00172293 0.0117265
0.0717254 0.061439 -0.00042779 0.0125806
0.066925 0.0593351 -0.0034263 0.0133197
0.0500259 0.0513149 0.00116735 0.00931677
0.046989 0.0497214 -0.000647626 0.00892734
0.0547948 0.0541476 -0.00536554 0.010394
0.0705794 0.0609499 0.00104737 0.0102581
0.057917 0.0545616 -0.00527455 0.00746046
0.0623786 0.0571297 0.000937346 0.00983435

0 0.0018777 0 0.000357951
0.0467581 0.0496027 -0.000905617 0.00903057
0.044001 0.0481136 -0.000945704 0.00865324
0.0416709 0.0468246 -0.000472119 0.00841711
0.040585 0.0462059 -0.00101362 0.00825712
0.039988 0.0458661 -0.0008056 0.00829837
0.0387707 0.0451645 -0.000542817 0.00800696
0.0363866 0.0437535 -0.000659559 0.00786355
0.0362605 0.0435797 -0.00099975 0.00787283
0.0342741 0.0424575 -0.00153066 0.00803427
0.0341367 0.0422855 -0.000876545 0.00771422
0.0262137 0.0370909 -0.00209436 0.0065437
0.0268647 0.0374967 -0.000811128 0.00613837
0.0382984 0.0448948 -5.50781e-06 0.00846854
0.0351422 0.0430051 0.000913177 0.00764858
0.036353 0.0437154 -0.00203963 0.00799648
0.0285584 0.0387454 -0.0013816 0.00600753
0.032161 0.0409756 -0.00134432 0.00663759
0.0340642 0.0421783 -0.000966059 0.0069803
0.0529581 0.0527924 0.000369865 0.0104315
0.0299422 0.0397264 -0.00229221 0.00860397
0.0347579 0.0426308 -0.000407433 0.00795291
0.0373365 0.0442047 0.000666401 0.00748867
0.0387568 0.0450013 -0.00107339 0.00800137
0.038204 0.0447209 0.00127398 0.00964497
0.0316403 0.0408025 -0.000272259 0.00582247
0.0387541 0.0453728 -0.00255424 0.00706212
0.0259637 0.0368143 0.000156922 0.00688825
0.0490295 0.0507936 0.000789511 0.00881653
0.0378454 0.0446358 0.00217632 0.00680248
0.0237014 0.0351904 -0.000273395 0.00608601
0.0454714 0.0489147 0.000623701 0.00915638
0.0451766 0.0487572 0.000554491 0.00957766
0.0327689 0.0413399 -0.00234859 0.00585657
0.0400697 0.0456584 -0.00146524 0.0088156
0.0369351 0.0440137 0.00236681 0.00709103
0.0502868 0.0514521 0.00226764 0.00863653
0.0305317 0.03994 -0.00049951 0.00772539
0.0314924 0.0405931 -0.000521915 0.00777245
0.0477766 0.0501152 -0.00246299 0.0083989
0.0345842 0.0426677 0.00121351 0.00807026
0.0426062 0.0472441 -0.00148807 0.0101624
0.0483232 0.050441 0.00228518 0.0076915
0.0302785 0.0397771 -9.98298e-05 0.00616308
0.0416656 0.0468275 0.00174045 0.00682336
0.0343348 0.0425121 0.00162366 0.00785711
0.0206594 0.032841 -0.000525716 0.00609156
0.0522518 0.052397 -0.00380622 0.00957675
0.0278517 0.00180365 -0.00309464 0.000189955
0.0452834 0.0488181 0.000225598 0.00814849
0.0464028 0.049164 -0.00277742 0.00771632
0.0271104 0.0376563 -5.96608e-05 0.00613587
0.0467352 0.0495861 -0.00216019 0.0116254
0.0325675 0.0413792 -0.0015623 0.00718474
0.0323829 0.0411025 -0.00196016 0.00748602
0.0505656 0.00424912 -0.00632074 0.000535143
0.0372558 0.0439251 -0.00311635 0.00845829
0.0278887 0.0382994 -0.000852126 0.00644177
0.04379 0.0475214 -0.00369586 0.00940192
0.0366216 0.0439009 0.000139456 0.00707629

0 0.00164671 0 0.000303765
0.0254832 0.0366152 -0.000384393 0.00655091
0.0234418 0.0351165 -0.000590984 0.00637611
0.0218237 0.0338818 -0.000596841 0.00613575
0.0212047 0.0333997 -0.0003723 0.00607735
0.021011 0.0331723 -0.000537503 0.00585917
0.0189226 0.0315497 -0.000530874 0.00587319
0.0195169 0.0319713 -0.000234215 0.00570808
0.0196675 0.0321685 -2.72653e-05 0.00561661
0.0188348 0.0314807 -8.27133e-05 0.00542589
0.0219022 0.0338368 -0.000307024 0.00638269
0.0186637 0.0313302 -0.000641286 0.0054369
0.0206379 0.0328602 -0.000336074 0.00558152
0.019658 0.032162 4.07404e-06 0.00548076
0.0175756 0.0303035 -0.000781627 0.00437056
0.0194849 0.0319304 -0.000116669 0.00549017
0.0227308 0.0344423 -0.000974043 0.00650037
0.0303954 0.0397871 -0.000660511 0.00785035
0.0387374 0.0451554 0.00160133 0.00774204
0.0215193 0.0245101 0.00239112 0.00272621
0.0307927 0.040037 -1.12137e-05 0.00893997
0.045894 0.0492124 0.00373403 0.00871319
0.0354557 0.0431923 -0.000817495 0.00756619
0.0477237 0.0500838 -0.00288289 0.00968719
0.0421977 0.0471191 -0.000867871 0.0094813
0.0321057 0.041103 0.00208747 0.00928221
0.025889 0.0365772 0.00215107 0.00750239
0.0355754 0.0432166 -0.00232316 0.00664949
0.0369036 0.0439656 0.0004165 0.00681455
0.0179678 0.0293321 -0.00272674 0.00493617
0.0287185 0.0391245 0.00358283 0.00925253
0.0273507 0.0379205 0.00147203 0.00689802
0.0360361 0.0435445 0.00221537 0.00877696
0.0401354 0.045871 -0.00160999 0.00872618
0.0463391 0.0492244 -0.000373059 0.00804176
0.0376127 0.0445013 0.0019324 0.00962964
0.0368314 0.044026 0.000895709 0.0089781
0.0446645 0.0482802 0.00129635 0.00793281
0.0325763 0.0414117 0.00144563 0.00833208
0.0567319 0.0546377 -1.39532e-05 0.00979569
0.0351826 0.0430359 0.00212853 0.00919167
0.0283305 0.0386255 0.00176795 0.00618539
0.0484684 0.0505032 0.000200701 0.0101321
0.0212623 0.0333995 -0.000287695 0.0062449
0.0307906 0.0400089 0.000702713 0.00814302
0.0430109 0.0475694 -0.000893965 0.00772246
0.0363106 0.043716 0.000503124 0.0070463
0.0380872 0.0446536 -0.00326407 0.00686652
0.0341217 0.0422595 0.00149669 0.00589981
0.0171705 0.0300103 -0.00038443 0.00450192
0.0366714 0.0439357 0.0012065 0.00667603
0.0333127 0.0418765 0.00147177 0.00690351
0.0289389 0.0390258 0.00248526 0.00694674
0.0214323 0.0335736 -0.000702338 0.00692213
0.0316264 0.0408039 0.00169248 0.00677583
0.0306181 0.0401413 0.00184142 0.00636429
0.0408386 0.0463522 -0.00146672 0.00896817
0.0440345 0.0480096 0.000567961 0.00911519
0.0258095 0.0367424 0.000155247 0.00815556
0.0281064 0.0382533 -0.00107037 0.0054993

0 0.00153666 0 0.000267702
0.00259977 0.0114455 0.000123856 0.00197812
0.00321561 0.0129949 0.000258765 0.00231766
0.00304985 0.0126238 -4.12061e-05 0.00235512
0.0023059 0.0106831 2.66539e-05 0.00191631
0.00217662 0.0102769 1.43419e-05 0.00207004
0.00384398 0.0141628 -0.000236393 0.00230759
0.00304852 0.0126408 8.73231e-05 0.00242049
0.00603168 0.0177117 8.43895e-05 0.00343152
0.00392394 0.0143589 0.000265071 0.00240499
0.00707978 0.0190802 0.000325162 0.00352817
0.00577605 0.0173525 0.000501133 0.00337709
0.00549427 0.0170009 -0.000561555 0.00562534
0.00995877 0.0227947 0.000373308 0.0035303
0.0061477 0.017985 -0.000240416 0.00331922
0.0127262 0.0256534 0.000284651 0.0051724
0.0117405 0.0246771 0.000546971 0.00453522
0.0216461 0.033777 0.00200669 0.0050263
0.015011 0.027896 -0.0010932 0.00556128
0.0221741 0.0339471 -0.00010717 0.00651483
0.0161128 0.0289267 -0.000675528 0.00548958
0.0155861 0.028632 0.000676133 0.00490031
0.027131 0.0378015 0.00295073 0.00595124
0.0116365 0.0247022 -0.000436647 0.00595532
0.0164787 0.029203 0.000958373 0.00430605
0.0206839 0.0328348 0.000735821 0.00732357
0.0217865 0.0337695 -0.000429287 0.00721382
0.0388392 0.0452093 0.000434988 0.00875061
0.0221397 0.0340211 -0.00107185 0.00487471
0.019183 0.0317161 0.00105755 0.00526152
0.0341107 0.042338 -0.00199577 0.00801581
0.0305607 0.0400919 -0.000937288 0.00674072
0.0294416 0.039367 0.00102893 0.00753505
0.0156235 0.0285863 -0.00144736 0.00487397
0.0129438 0.0260185 -0.00125822 0.00457358
0.0221986 0.0341731 -0.000725531 0.00751259
0.0252458 0.0362239 0.00234156 0.0074472
0.0302174 0.039682 0.00160103 0.00756938
0.0320457 0.0412656 0.00166642 0.00525548
0.0188185 0.010445 0.00235004 0.00716629
0.0291335 0.0387785 0.00012392 0.00924865
0.0279024 0.0383295 0.0011086 0.00851256
0.00744422 0.0197689 -3.99618e-05 0.00295517
0.0246028 0.0359894 0.0016766 0.0050623
0.0159233 0.0289654 0.0011474 0.00366903
0.0234639 0.0349308 -8.95922e-05 0.00550167
0.0232472 0.0350239 0.00219704 0.00620589
0.0175637 0.0297691 -0.00172183 0.00397312
0.0287533 0.0386889 -0.00180589 0.00811942
0.025029 0.0362928 9.34977e-05 0.00620512
0.0295091 0.0394246 0.00267892 0.0062451
0.00648999 0.0175502 -0.00100703 0.00331221
0.0151065 0.0281822 -0.000834762 0.00499376
0.0095356 0.0384487 0.00333878 0.0116424
0.0231095 0.0348286 -0.00203144 0.00758981
0.0307367 0.0402301 0.00137619 0.00579097
0.0387916 0.0449232 0.00137945 0.0102989
0.0288415 0.038955 -0.000521098 0.00666786
0.0638104 0.0579389 0.00147033 0.00995184
0.0263096 0.0369861 -0.00261201 0.00697408

