0 0.00407119 0 0.00187058
0.18131 0.0976829 -0.00251151 0.0177219
0.169823 0.0945287 -0.002388 0.017017
0.162917 0.0925857 -0.00218345 0.0166902
0.159898 0.0917221 -0.00246398 0.0165085
0.154607 0.0901928 -0.00217487 0.0162898
0.150175 0.0888905 -0.00213498 0.0160236
0.146051 0.0876612 -0.00207414 0.0157843
0.142995 0.0867386 -0.00213735 0.015462
0.138698 0.0854257 -0.0021661 0.0153286
0.138173 0.0852623 -0.00230598 0.01549
0.130031 0.0827142 -0.00231486 0.0148195
0.138553 0.0853912 -0.00224254 0.0153882
0.132773 0.0835826 -0.00169194 0.0149849
0.125434 0.08124 -0.00169548 0.0149452
0.13524 0.0843621 -0.00327928 0.0153953
0.1315 0.0831781 -0.00256981 0.0147097
0.134417 0.0840975 0.00014879 0.0153765
0.129121 0.0824271 -0.000269757 0.0151276
0.149798 0.0887939 0.00309982 0.0155916
0.139803 0.08577 -0.000213502 0.0148515
0.123036 0.0804583 -0.00310221 0.015335
0.144023 0.0870572 -0.00365502 0.0155666
0.150952 0.0889081 -0.00197591 0.0156238
0.132871 0.0836177 -0.000954701 0.0152766
0.142432 0.0865759 -0.00342043 0.0156516
0.16357 0.0927815 -0.00187441 0.0180408
0.142228 0.0865111 -0.00595569 0.0153964
0.153979 0.0900127 -0.00599883 0.0162586
0.158917 0.0912306 -0.0020918 0.0168268
0.126335 0.0815329 -0.00293429 0.0139233
0.135519 0.0844477 -0.00319524 0.0149645
0.145782 0.0875949 0.00132243 0.0149755
0.13559 0.0844652 -0.0019318 0.01456
0.147666 0.0881525 -0.00310436 0.0147265
0.12457 0.0809541 -0.00446644 0.0145993
0.124435 0.0809053 -0.00650753 0.0138675
0.149301 0.0886406 -0.00205674 0.0156359
0.144894 0.0873151 -0.000927372 0.015456
0.108408 0.0755361 0.00224143 0.0141346
0.138536 0.0853856 -0.00124167 0.0146929
0.155306 0.09041 0.000651047 0.0151387
0.138315 0.0853195 -0.00342586 0.0152799
0.128019 0.0820652 -0.00422181 0.0146502
0.123345 0.0805699 -0.00334723 0.0147732
0.147384 0.0880687 -0.00277399 0.0154322
0.135614 0.0844676 -0.00384726 0.0150229
0.13166 0.0832318 -0.00104738 0.0154313
0.167377 0.0938554 -0.00037991 0.0156812
0.12158 0.0799808 -0.00411443 0.0134425
0.140376 0.0859461 -0.00435274 0.0164857
0.121084 0.0798262 0.00181059 0.0141692
0.123314 0.0805489 -0.000478072 0.015318
0.132433 0.0834789 -0.00434577 0.0149954
0.106971 0.0750091 -0.00490089 0.0123656
0.140986 0.0861427 0.0025863 0.0169589
0.128128 0.0821118 -9.72887e-05 0.0151072
0.151372 0.0892557 -0.000702116 0.0157328
0.118479 0.0789638 0.000223188 0.0138586
0.144792 0.0872922 -0.00194615 0.016305

0 0.00231787 0 0.000460274
0.123818 0.0807182 -0.00256255 0.0145996
0.115749 0.0780392 -0.00226142 0.0140471
0.109525 0.0759119 -0.00209299 0.0136416
0.104987 0.0743211 -0.00226581 0.013463
0.0992514 0.0722631 -0.00209859 0.013113
0.100239 0.0724646 -0.00199936 0.0128986
0.0952469 0.0707896 -0.0020917 0.0128422
0.0932414 0.0700401 -0.00177614 0.0126418
0.0897025 0.0686979 -0.00192737 0.0122569
0.0873491 0.0677929 -0.00102476 0.0122335
0.0832397 0.0661743 -0.00242956 0.0118521
0.0879244 0.0678447 -0.00154412 0.0119993
0.0783998 0.0642304 -0.00288929 0.0116603
0.0786537 0.0641759 -0.00274904 0.0117332
0.0778018 0.0638369 -0.00224015 0.0109188
0.08316 0.0659834 -0.000660832 0.0121646
0.0699837 0.0606824 -0.0014428 0.0114564
0.0799951 0.0646469 -0.00212751 0.0116075
0.0745851 0.0624802 -0.00345153 0.0114039
0.0988716 0.0721344 -0.000454349 0.0140587
0.0942053 0.0704007 -0.00219078 0.0129733
0.088664 0.0683056 0.000639061 0.0125823
0.0780627 0.0640865 -0.00196526 0.0119602
0.100457 0.0727022 -0.00330736 0.0133562
0.0912863 0.0693073 -0.00360574 0.0131446
0.10426 0.0740757 -3.75575e-05 0.0124213
0.105548 0.0743592 0.00217576 0.0136496
0.114344 0.077566 -0.00389023 0.0150616
0.0920071 0.0695458 -0.00550949 0.0110045
0.0906324 0.0689081 0.00264955 0.0123566
0.0828694 0.0660216 -0.00398736 0.0139526
0.0918142 0.0693085 -0.0014815 0.0131114
0.0938866 0.0701336 -0.000617208 0.0122737
0.0921238 0.0696065 -0.0041397 0.0129312
0.0649587 0.0584374 -0.00408519 0.00993071
0.0914641 0.0693803 0.000371434 0.0136235
0.0842663 0.0665324 -0.00698039 0.0123162
0.0947544 0.0706215 0.00222035 0.0124073
0.0802808 0.0649955 -0.00264762 0.0126292
0.0867087 0.0673394 -0.00333989 0.0131039
0.102681 0.0735021 -0.00415721 0.0122955
0.0891579 0.0684912 -0.00179426 0.0117481
0.0978903 0.0715473 -0.00252567 0.0135207
0.082545 0.0659058 -0.000913399 0.0112025
0.0740566 0.0624223 -0.00123341 0.0106093
0.0708964 0.0610659 -0.00235469 0.0105633
0.0983437 0.0719388 -0.00146346 0.0136416
0.0950774 0.0707272 -0.00135167 0.0117848
0.0673416 0.0594848 -0.00802653 0.0118625
0.0694259 0.0602926 -0.000923048 0.0119256
0.0900307 0.068832 -0.00115743 0.0118196
0.0961097 0.0709393 -0.000858807 0.0136596
0.0810973 0.065317 -0.00262333 0.0108282
0.101958 0.0732512 -0.000901817 0.0128105
0.104181 0.0738673 -0.00251447 0.01301
0.0831493 0.0661558 0.00248471 0.0122502
0.0932692 0.069857 -0.000203252 0.0125952
0.0530554 0.0528212 -0.00256301 0.010093
0.0813894 0.0654489 0.00158742 0.0114394

0 0.00200921 0 0.000385949
0.0734 0.0621363 -0.00146045 0.0112101
0.0672998 0.0595061 -0.00128321 0.0107336
0.0647511 0.0583653 -0.00156314 0.0105832
0.0624232 0.0573075 -0.00128824 0.0103071
0.0585788 0.0555157 -0.0011557 0.00997832
0.0591691 0.0557933 -0.000949774 0.0100773
0.05768 0.0550859 -0.00133563 0.00988345
0.053222 0.0529158 -0.00125864 0.00964482
0.0515674 0.052082 -0.00163304 0.00933991
0.0521849 0.0523968 -0.000811182 0.00935468
0.0515673 0.0519752 -0.00140854 0.00908175
0.0450365 0.0486788 -0.000844219 0.00886936
0.0548609 0.0535339 0.00022757 0.00944649
0.0450743 0.0487006 -0.000765986 0.00919298
0.0544076 0.0533091 -0.000782915 0.00932053
0.0448792 0.0485974 -0.000230516 0.00976401
0.0500838 0.0512219 -0.00189111 0.0103136
0.0555476 0.0539114 -0.000399673 0.00951805
0.0470927 0.0497818 -3.95399e-05 0.0087391
0.0672698 0.0595028 0.0014331 0.0102827
0.0545952 0.0536022 0.000146833 0.00986322
0.0719331 0.0615286 3.16897e-05 0.0108477
0.0605202 0.0564208 -0.00217533 0.00890884
0.0742353 0.0625058 -1.1816e-05 0.0109922
0.0677258 0.0596922 -0.00171534 0.0120552
0.0546915 0.0536498 0.000287592 0.0107556
0.062334 0.0570523 0.00243097 0.0109979
0.0489836 0.0507668 -0.00108706 0.00996678
0.0585184 0.0552641 -0.00186999 0.00970899
0.0528328 0.0527302 0.000952129 0.00796386
0.0684066 0.0600027 0.000510773 0.0103807
0.0634266 0.0576796 -0.00288346 0.00929135
0.0609105 0.0566154 0.000923073 0.00976758
0.0527669 0.0526896 -0.00181027 0.0106157
0.0582584 0.0553112 -0.00428658 0.00900259
0.0527581 0.0526922 0.000687191 0.00970503
0.0451119 0.0487271 0.000846702 0.00778635
0.0418169 0.0469109 0.000548088 0.00988047
0.0574224 0.054976 0.00106104 0.00986661
0.0289066 0.0387071 -0.00291808 0.00570715
0.0481192 0.0503223 0.000574692 0.00922021
0.0403593 0.0100352 -0.00504228 0.00118448
0.0360281 0.0428045 -0.000930401 0.00862089
0.0569048 0.0547215 -0.000282565 0.0101905
0.0623888 0.0571452 -1.32427e-05 0.0116879
0.0628039 0.057361 0.00153251 0.0109612
0.0633922 0.0577103 -0.00499298 0.0110133
0.0691433 0.0601575 0.000548562 0.00973449
0.0342516 0.0423719 -0.000143644 0.0073056
0.0366778 0.0439641 -0.00283487 0.00873603
0.0483754 0.0504524 -0.00088396 0.0083071
0.0456387 0.0489038 -0.00197059 0.00877835
0.042129 0.0470811 -0.00043266 0.00761896
0.0610957 0.0567058 0.000810736 0.00920694
0.0657501 0.0586307 -0.00168588 0.00962872
0.0411137 0.0463462 -0.000301153 0.00852827
0.0619875 0.0571219 0.00192969 0.00975608
0.0366774 0.043969 0.00269426 0.00625786
0.0522589 0.0524182 -0.00527048 0.0162909

0 0.00176699 0 0.000452606
0.0472513 0.0498615 -0.000865285 0.00897939
0.0462257 0.0493149 -0.000833565 0.00890648
0.0430014 0.0475646 -0.000860542 0.00855491
0.0406149 0.046226 -0.000737464 0.00840764
0.0392485 0.0454397 -0.000872525 0.00805276
0.0376226 0.0444906 -0.000594895 0.00809314
0.0378635 0.0446312 -0.000621329 0.00792806
0.0363029 0.0437009 -0.00086127 0.00772754
0.0351802 0.0430209 -0.000694136 0.00785538
0.0312912 0.0405735 -0.000806073 0.00737489
0.0305514 0.0400057 -0.0010353 0.00707331
0.0364061 0.0436035 0.000675117 0.00759298
0.0313966 0.0406437 -0.000594674 0.00738482
0.0309059 0.0403207 -0.000713367 0.00735984
0.0399365 0.0456323 0.000745356 0.00748919
0.0299181 0.0396758 -0.000823805 0.00754899
0.0414921 0.0467224 -0.00104967 0.00805904
0.0292202 0.039188 -0.00154143 0.00591211
0.0350839 0.0428071 0.000395384 0.00754194
0.0470837 0.0497705 -0.00124052 0.00864313
0.0427922 0.0475227 0.00350018 0.0076298
0.029966 0.0395283 -0.000330804 0.00780637
0.04274 0.047431 0.000973958 0.00779125
0.0475587 0.0498824 0.000623879 0.00763567
0.050984 0.0516654 -0.000167409 0.00983124
0.0318369 0.0408959 -0.00194681 0.0072988
0.0333323 0.0418216 -0.00186232 0.00732264
0.059362 0.0558843 -0.0009071 0.00861241
0.0551494 0.0538639 -0.00107064 0.00885789
0.0341425 0.0423958 0.00184592 0.00629841
0.0246072 0.0359867 0.00134311 0.00752561
0.0459036 0.0490312 -0.00364882 0.00681486
0.0484438 0.0503635 -0.000542277 0.00846777
0.0364313 0.0436442 -0.00348211 0.00726924
0.0473904 0.0499081 -0.0028013 0.00943225
0.0539517 0.0532496 -0.00322504 0.00839256
0.0409928 0.0464032 -0.00267084 0.00866671
0.0432223 0.0475566 0.000888592 0.00781713
0.0524868 0.0523539 -0.000736787 0.00945365
0.0410173 0.0464516 -0.00107549 0.0078035
0.0249062 0.0360834 -0.000739694 0.00623105
0.0365942 0.0438865 0.000410752 0.00865399
0.0493183 0.050565 -0.00398986 0.00841825
0.0375761 0.0444637 -0.00087467 0.00794413
0.0338435 0.042203 0.000539411 0.00971433
0.0281655 0.0385124 0.00171621 0.00595723
0.0329226 0.0414855 -0.000436542 0.00730298
0.0414511 0.046505 -0.000681144 0.00788362
0.0533352 0.0527492 -7.72286e-05 0.00994169
0.0544766 0.0533064 -0.00515405 0.00799188
0.0465288 0.0494779 -0.000795426 0.00837789
0.0295706 0.0392996 0.000540206 0.00791841
0.0319935 0.0409026 0.00070298 0.00738853
0.0283138 0.0386071 0.00106762 0.00753927
0.0472613 0.0498759 0.000928776 0.0085452
0.0469673 0.049712 -1.58119e-05 0.00968046
0.0304564 0.0398734 -0.000693277 0.00790491
0.0250083 0.0362794 0.000202322 0.00597449
0.0417157 0.0468543 0.000303098 0.00840927

0 0.00169922 0 0.000330757
0.0254767 0.0366139 -9.43218e-05 0.00649915
0.0231184 0.0348767 -0.000300394 0.00628585
0.0231047 0.0348636 -0.000391859 0.0062997
0.0215304 0.0336576 -0.000219342 0.00612313
0.0198809 0.0323429 -0.000185187 0.00582431
0.0204637 0.0327416 -4.50462e-05 0.00593065
0.0195126 0.0320408 -0.000217609 0.00555932
0.0198788 0.0322703 -0.000193464 0.00582289
0.0198669 0.0323287 -0.000325396 0.0062448
0.0219618 0.0338879 -0.000511407 0.00617939
0.0213594 0.0335195 -0.00046059 0.00569501
0.0200336 0.0324649 -0.000352444 0.00604991
0.019001 0.0316006 0.000837983 0.00522938
0.0221482 0.0340129 -0.000580068 0.00648689
0.0184668 0.0311726 -0.000148729 0.005817
0.0220394 0.0339708 -0.000840898 0.00627294
0.0296308 0.0392411 0.00119994 0.00702369
0.0236611 0.0351793 -0.00150644 0.00533389
0.0212377 0.0334241 -0.000621613 0.00540486
0.0372191 0.0442585 0.00182184 0.00794008
0.0311573 0.0404978 0.00129032 0.007418
0.0162481 0.0291749 -1.16887e-05 0.00489971
0.0176871 0.0304799 -0.00066098 0.00514668
0.0263209 0.0371359 -0.00315932 0.00754821
0.0320855 0.0409375 0.000393833 0.00884177
0.0421997 0.0468919 -0.000629141 0.00708224
0.0421988 0.0470424 -0.00332394 0.00742844
0.0345337 0.0426316 0.000181687 0.0082357
0.0262004 0.037125 -0.000730445 0.00691696
0.0285793 0.0387127 -0.0021628 0.00683221
0.0263666 0.0372529 0.00125004 0.00710835
0.0266071 0.0374147 -0.000136176 0.00577971
0.0472981 0.0498836 -0.00087814 0.0103318
0.0388062 0.0451793 -0.00155096 0.00856343
0.0366545 0.0439198 0.000372056 0.00688207
0.024389 0.0356807 0.000992308 0.00751914
0.0412552 0.0465962 0.000785307 0.00737315
0.0263219 0.036908 0.00164349 0.00544197
0.0219888 0.0340176 0.00141412 0.0060666
0.0333972 0.0419218 0.00158004 0.00677692
0.0270315 0.0377053 -0.000668388 0.00491307
0.0244348 0.0358636 0.000585795 0.00641653
0.0379009 0.0446391 -0.00157219 0.00670045
0.0330617 0.0417222 0.0011756 0.00663412
0.0198255 0.0322009 -0.00172524 0.00513911
0.0292501 0.0392006 -0.00217301 0.00795629
0.0301337 0.039885 0.00233145 0.00665046
0.0353939 0.0429408 0.00116577 0.00605154
0.0223017 0.0341312 -0.000226406 0.00618121
0.0322825 0.0412232 0.0010862 0.00718586
0.0269831 0.0376822 -7.81797e-05 0.00609535
0.0346565 0.042526 0.000129075 0.00774228
0.0383374 0.0447893 0.000165901 0.00736535
0.0485617 0.0505667 0.00332635 0.0069902
0.036708 0.0439534 5.72085e-05 0.00681491
0.0360414 0.0435532 0.00178306 0.00778745
0.0230157 0.0347679 -0.00148291 0.00657237
0.0285617 0.0385911 -0.00160867 0.00736083
0.0286643 0.0388375 0.000336644 0.00798605

0 0.00154314 0 0.000321515
0.00133787 0.00833656 6.0415e-05 0.00109764
0.002236 0.0108223 -3.80283e-05 0.00181678
0.00228419 0.0109436 1.62744e-06 0.00212357
0.00272147 0.0119685 0.00016277 0.00229171
0.0043314 0.0150757 0.000132269 0.00294532
0.00293411 0.0123976 -0.000119583 0.00211957
0.00314717 0.0128167 -0.000178886 0.00199724
0.00440377 0.0152041 0.000241605 0.002634
0.00294839 0.0124345 0.000171292 0.0017723
0.00627269 0.0180303 1.95539e-05 0.00335898
0.00583322 0.0174217 0.000242303 0.00306544
0.00808593 0.0204993 0.000298303 0.0032152
0.00675323 0.0187409 0.000201221 0.0034772
0.00842351 0.0210114 0.000850451 0.00306303
0.0108082 0.0238525 0.000446692 0.00512804
0.00556849 0.0171104 -0.000295117 0.00324373
0.0124784 0.0270478 -0.00231772 0.00723714
0.000820094 0.00636383 -0.000124725 0.00123202
0.011615 0.0241726 5.92235e-05 0.00346978
0.0309215 0.0403536 0.00216988 0.00635005
0.0121007 0.0251315 -0.000451982 0.00403993
0.0119711 0.0249263 0.000335786 0.00502185
0.0256422 0.0367307 0.000920997 0.00595491
0.0202638 0.0326653 0.00102992 0.0058292
0.017236 0.0299922 0.00151467 0.00504506
0.0190388 0.0313484 0.00222593 0.00503607
0.034969 0.0429052 0.00141209 0.0064488
0.0228502 0.0346015 -0.00145796 0.00535765
0.00893198 0.0216317 -0.000328089 0.00283166
0.0200569 0.0324779 -0.00111729 0.00636194
0.0211791 0.0382007 -0.00527818 0.0117218
0.0176243 0.030343 -0.00011404 0.00534852
0.0183185 0.0309718 -0.000163196 0.00539325
0.0354422 0.000981795 0.00506317 0.000218425
0.0213907 0.0335508 0.000993064 0.0052348
0.0265505 0.0371616 0.000913738 0.00565991
0.0118001 0.0247858 -0.000626817 0.0043692
0.025704 0.036296 0.00233352 0.00543914
0.0279849 0.0382441 0.000643654 0.00768823
0.0192747 0.0318628 0.00120686 0.00446692
0.0128623 0.0259549 -0.000552445 0.00696099
0.0301126 0.0397947 -0.000235112 0.00681152
0.0184247 0.0311423 0.00165092 0.00663018
0.0281734 0.038512 0.0013934 0.00595693
0.0348448 0.0428295 0.00199352 0.00682529
0.0295555 0.0394326 -0.000502131 0.00628
0.0287234 0.0388762 -5.54512e-05 0.00994396
0.0328149 0.0413481 0.0016177 0.00667033
0.0189399 0.0311636 -0.00249124 0.00544236
0.0183194 0.0308487 0.00167697 0.00765117
0.0118222 0.0246717 0.00122294 0.00378051
0.0205496 0.0328872 0.000524007 0.00657818
0.0221044 0.0340469 0.00103209 0.00708563
0.0180015 0.00104373 -0.00257166 0.000148107
0.0173311 0.0301737 -0.000775504 0.00526094
0.02245 0.034391 0.00168117 0.00448089
0.0189067 0.0315261 0.00209857 0.00690445
0.0251379 0.0361896 0.000429178 0.00673372
0.0230389 0.0347522 -0.00247483 0.00752786

